Tempo Decorrido,E[N]
100.000000,38.14
200.000000,43.23
300.000000,47.24
400.000000,39.08
500.000000,32.44
600.000000,29.29
700.000000,26.82
800.000000,24.49
900.000000,23.03
1000.000000,22.68
1100.000000,20.97
1200.000000,19.66
1300.000000,19.16
1400.000000,18.25
1500.000000,17.96
1600.000000,17.57
1700.000000,16.84
1800.000000,16.54
1900.000000,16.25
2000.000000,15.94
2100.000000,15.60
2200.000000,15.39
2300.000000,15.13
2400.000000,15.34
2500.000000,15.38
2600.000000,15.65
2700.000000,15.39
2800.000000,15.26
2900.000000,14.99
3000.000000,14.69
3100.000000,14.60
3200.000000,14.39
3300.000000,14.22
3400.000000,14.37
3500.000000,14.16
3600.000000,14.55
3700.000000,14.55
3800.000000,14.35
3900.000000,14.21
4000.000000,14.05
4100.000000,14.04
4200.000000,14.07
4300.000000,14.02
4400.000000,14.18
4500.000000,14.00
4600.000000,13.89
4700.000000,13.92
4800.000000,13.88
4900.000000,13.68
5000.000000,13.93
5100.000000,14.04
5200.000000,13.92
5300.000000,13.80
5400.000000,13.67
5500.000000,13.78
5600.000000,13.82
5700.000000,13.95
5800.000000,14.16
5900.000000,14.11
6000.000000,14.45
6100.000000,14.55
6200.000000,14.55
6300.000000,14.54
6400.000000,14.61
6500.000000,14.58
6600.000000,14.63
6700.000000,14.77
6800.000000,14.74
6900.000000,14.89
7000.000000,14.76
7100.000000,14.91
7200.000000,14.77
7300.000000,14.66
7400.000000,14.74
7500.000000,14.79
7600.000000,14.86
7700.000000,14.92
7800.000000,15.01
7900.000000,14.98
8000.000000,14.88
8100.000000,14.79
8200.000000,14.74
8300.000000,14.74
8400.000000,14.99
8500.000000,14.92
8600.000000,14.82
8700.000000,14.69
8800.000000,14.58
8900.000000,14.56
9000.000000,14.48
9100.000000,14.46
9200.000000,14.37
9300.000000,14.32
9400.000000,14.25
9500.000000,14.24
9600.000000,14.17
9700.000000,14.25
9800.000000,14.21
9900.000000,14.13
10000.000000,14.27
10100.000000,14.25
10200.000000,14.23
10300.000000,14.20
10400.000000,14.21
10500.000000,14.15
10600.000000,14.12
10700.000000,14.05
10800.000000,14.05
10900.000000,14.01
11000.000000,14.18
11100.000000,14.31
11200.000000,14.24
11300.000000,14.23
11400.000000,14.31
11500.000000,14.29
11600.000000,14.43
11700.000000,14.39
11800.000000,14.35
11900.000000,14.30
12000.000000,14.21
12100.000000,14.27
12200.000000,14.41
12300.000000,14.42
12400.000000,14.41
12500.000000,14.35
12600.000000,14.31
12700.000000,14.28
12800.000000,14.28
12900.000000,14.25
13000.000000,14.27
13100.000000,14.30
13200.000000,14.34
13300.000000,14.31
13400.000000,14.23
13500.000000,14.16
13600.000000,14.16
13700.000000,14.16
13800.000000,14.11
13900.000000,14.08
14000.000000,14.01
14100.000000,14.15
14200.000000,14.21
14300.000000,14.25
14400.000000,14.23
14500.000000,14.20
14600.000000,14.19
14700.000000,14.34
14800.000000,14.42
14900.000000,14.42
15000.000000,14.37
15100.000000,14.33
15200.000000,14.33
15300.000000,14.29
15400.000000,14.25
15500.000000,14.22
15600.000000,14.21
15700.000000,14.20
15800.000000,14.15
15900.000000,14.16
16000.000000,14.34
16100.000000,14.38
16200.000000,14.38
16300.000000,14.32
16400.000000,14.31
16500.000000,14.51
16600.000000,14.51
16700.000000,14.48
16800.000000,14.49
16900.000000,14.46
17000.000000,14.44
17100.000000,14.43
17200.000000,14.39
17300.000000,14.34
17400.000000,14.29
17500.000000,14.26
17600.000000,14.23
17700.000000,14.44
17800.000000,14.74
17900.000000,15.09
18000.000000,15.42
18100.000000,15.39
18200.000000,15.35
18300.000000,15.39
18400.000000,15.48
18500.000000,15.53
18600.000000,15.51
18700.000000,15.59
18800.000000,15.56
18900.000000,15.52
19000.000000,15.54
19100.000000,15.49
19200.000000,15.50
19300.000000,15.54
19400.000000,15.53
19500.000000,15.55
19600.000000,15.51
19700.000000,15.55
19800.000000,15.54
19900.000000,15.64
20000.000000,15.73
20100.000000,15.70
20200.000000,15.65
20300.000000,15.62
20400.000000,15.58
20500.000000,15.55
20600.000000,15.53
20700.000000,15.64
20800.000000,15.81
20900.000000,15.78
21000.000000,15.76
21100.000000,15.74
21200.000000,15.78
21300.000000,15.88
21400.000000,16.00
21500.000000,15.96
21600.000000,16.00
21700.000000,16.08
21800.000000,16.03
21900.000000,16.02
22000.000000,15.97
22100.000000,15.93
22200.000000,15.89
22300.000000,15.85
22400.000000,15.89
22500.000000,15.86
22600.000000,15.86
22700.000000,15.86
22800.000000,15.82
22900.000000,15.81
23000.000000,15.83
23100.000000,15.80
23200.000000,15.84
23300.000000,15.84
23400.000000,15.81
23500.000000,15.78
23600.000000,15.76
23700.000000,15.74
23800.000000,15.70
23900.000000,15.70
24000.000000,15.70
24100.000000,15.66
24200.000000,15.66
24300.000000,15.72
24400.000000,15.97
24500.000000,16.19
24600.000000,16.39
24700.000000,16.49
24800.000000,16.45
24900.000000,16.42
25000.000000,16.38
25100.000000,16.38
25200.000000,16.38
25300.000000,16.35
25400.000000,16.36
25500.000000,16.37
25600.000000,16.36
25700.000000,16.35
25800.000000,16.39
25900.000000,16.37
26000.000000,16.43
26100.000000,16.43
26200.000000,16.40
26300.000000,16.36
26400.000000,16.36
26500.000000,16.33
26600.000000,16.31
26700.000000,16.35
26800.000000,16.33
26900.000000,16.29
27000.000000,16.26
27100.000000,16.24
27200.000000,16.35
27300.000000,16.45
27400.000000,16.49
27500.000000,16.47
27600.000000,16.45
27700.000000,16.48
27800.000000,16.48
27900.000000,16.47
28000.000000,16.43
28100.000000,16.48
28200.000000,16.54
28300.000000,16.53
28400.000000,16.55
28500.000000,16.53
28600.000000,16.56
28700.000000,16.58
28800.000000,16.60
28900.000000,16.57
29000.000000,16.63
29100.000000,16.66
29200.000000,16.66
29300.000000,16.67
29400.000000,16.78
29500.000000,16.80
29600.000000,16.79
29700.000000,16.75
29800.000000,16.73
29900.000000,16.72
30000.000000,16.73
30100.000000,16.72
30200.000000,16.68
30300.000000,16.68
30400.000000,16.69
30500.000000,16.75
30600.000000,16.73
30700.000000,16.75
30800.000000,16.73
30900.000000,16.70
31000.000000,16.72
31100.000000,16.76
31200.000000,16.83
31300.000000,16.88
31400.000000,16.89
31500.000000,16.96
31600.000000,17.01
31700.000000,17.16
31800.000000,17.18
31900.000000,17.14
32000.000000,17.17
32100.000000,17.25
32200.000000,17.30
32300.000000,17.43
32400.000000,17.43
32500.000000,17.41
32600.000000,17.44
32700.000000,17.43
32800.000000,17.43
32900.000000,17.39
33000.000000,17.38
33100.000000,17.42
33200.000000,17.41
33300.000000,17.38
33400.000000,17.36
33500.000000,17.34
33600.000000,17.31
33700.000000,17.28
33800.000000,17.27
33900.000000,17.30
34000.000000,17.27
34100.000000,17.31
34200.000000,17.28
34300.000000,17.24
34400.000000,17.23
34500.000000,17.24
34600.000000,17.24
34700.000000,17.23
34800.000000,17.24
34900.000000,17.22
35000.000000,17.21
35100.000000,17.19
35200.000000,17.21
35300.000000,17.20
35400.000000,17.19
35500.000000,17.18
35600.000000,17.18
35700.000000,17.18
35800.000000,17.26
35900.000000,17.27
36000.000000,17.24
36100.000000,17.21
36200.000000,17.18
36300.000000,17.14
36400.000000,17.16
36500.000000,17.14
36600.000000,17.17
36700.000000,17.18
36800.000000,17.16
36900.000000,17.13
37000.000000,17.14
37100.000000,17.15
37200.000000,17.13
37300.000000,17.16
37400.000000,17.15
37500.000000,17.18
37600.000000,17.18
37700.000000,17.15
37800.000000,17.13
37900.000000,17.10
38000.000000,17.09
38100.000000,17.07
38200.000000,17.07
38300.000000,17.07
38400.000000,17.09
38500.000000,17.12
38600.000000,17.22
38700.000000,17.29
38800.000000,17.30
38900.000000,17.28
39000.000000,17.25
39100.000000,17.24
39200.000000,17.23
39300.000000,17.22
39400.000000,17.20
39500.000000,17.18
39600.000000,17.15
39700.000000,17.13
39800.000000,17.14
39900.000000,17.18
40000.000000,17.21
40100.000000,17.20
40200.000000,17.22
40300.000000,17.22
40400.000000,17.22
40500.000000,17.22
40600.000000,17.19
40700.000000,17.23
40800.000000,17.22
40900.000000,17.20
41000.000000,17.19
41100.000000,17.19
41200.000000,17.27
41300.000000,17.28
41400.000000,17.30
41500.000000,17.28
41600.000000,17.29
41700.000000,17.43
41800.000000,17.50
41900.000000,17.49
42000.000000,17.46
42100.000000,17.43
42200.000000,17.42
42300.000000,17.40
42400.000000,17.37
42500.000000,17.40
42600.000000,17.40
42700.000000,17.40
42800.000000,17.40
42900.000000,17.39
43000.000000,17.36
43100.000000,17.36
43200.000000,17.46
43300.000000,17.57
43400.000000,17.60
43500.000000,17.58
43600.000000,17.55
43700.000000,17.60
43800.000000,17.59
43900.000000,17.57
44000.000000,17.55
44100.000000,17.64
44200.000000,17.66
44300.000000,17.64
44400.000000,17.63
44500.000000,17.60
44600.000000,17.59
44700.000000,17.59
44800.000000,17.56
44900.000000,17.54
45000.000000,17.56
45100.000000,17.58
45200.000000,17.55
45300.000000,17.54
45400.000000,17.59
45500.000000,17.63
45600.000000,17.61
45700.000000,17.59
45800.000000,17.57
45900.000000,17.56
46000.000000,17.54
46100.000000,17.54
46200.000000,17.55
46300.000000,17.59
46400.000000,17.59
46500.000000,17.57
46600.000000,17.58
46700.000000,17.56
46800.000000,17.56
46900.000000,17.58
47000.000000,17.57
47100.000000,17.56
47200.000000,17.57
47300.000000,17.56
47400.000000,17.54
47500.000000,17.52
47600.000000,17.49
47700.000000,17.48
47800.000000,17.46
47900.000000,17.44
48000.000000,17.43
48100.000000,17.41
48200.000000,17.39
48300.000000,17.37
48400.000000,17.35
48500.000000,17.32
48600.000000,17.30
48700.000000,17.29
48800.000000,17.27
48900.000000,17.26
49000.000000,17.31
49100.000000,17.36
49200.000000,17.37
49300.000000,17.34
49400.000000,17.32
49500.000000,17.30
49600.000000,17.29
49700.000000,17.29
49800.000000,17.27
49900.000000,17.29
50000.000000,17.29
50100.000000,17.29
50200.000000,17.27
50300.000000,17.25
50400.000000,17.24
50500.000000,17.25
50600.000000,17.23
50700.000000,17.23
50800.000000,17.30
50900.000000,17.38
51000.000000,17.37
51100.000000,17.39
51200.000000,17.37
51300.000000,17.37
51400.000000,17.36
51500.000000,17.36
51600.000000,17.35
51700.000000,17.36
51800.000000,17.36
51900.000000,17.37
52000.000000,17.40
52100.000000,17.48
52200.000000,17.50
52300.000000,17.49
52400.000000,17.47
52500.000000,17.49
52600.000000,17.48
52700.000000,17.46
52800.000000,17.49
52900.000000,17.48
53000.000000,17.46
53100.000000,17.46
53200.000000,17.44
53300.000000,17.42
53400.000000,17.41
53500.000000,17.39
53600.000000,17.37
53700.000000,17.36
53800.000000,17.34
53900.000000,17.33
54000.000000,17.33
54100.000000,17.32
54200.000000,17.30
54300.000000,17.28
54400.000000,17.28
54500.000000,17.26
54600.000000,17.24
54700.000000,17.23
54800.000000,17.24
54900.000000,17.26
55000.000000,17.29
55100.000000,17.33
55200.000000,17.38
55300.000000,17.39
55400.000000,17.37
55500.000000,17.35
55600.000000,17.34
55700.000000,17.32
55800.000000,17.31
55900.000000,17.30
56000.000000,17.28
56100.000000,17.30
56200.000000,17.31
56300.000000,17.30
56400.000000,17.29
56500.000000,17.35
56600.000000,17.40
56700.000000,17.42
56800.000000,17.41
56900.000000,17.39
57000.000000,17.38
57100.000000,17.37
57200.000000,17.36
57300.000000,17.36
57400.000000,17.35
57500.000000,17.36
57600.000000,17.37
57700.000000,17.36
57800.000000,17.35
57900.000000,17.39
58000.000000,17.46
58100.000000,17.52
58200.000000,17.57
58300.000000,17.59
58400.000000,17.59
58500.000000,17.59
58600.000000,17.58
58700.000000,17.59
58800.000000,17.57
58900.000000,17.59
59000.000000,17.61
59100.000000,17.62
59200.000000,17.62
59300.000000,17.61
59400.000000,17.59
59500.000000,17.57
59600.000000,17.59
59700.000000,17.59
59800.000000,17.57
59900.000000,17.56
60000.000000,17.58
60100.000000,17.62
60200.000000,17.61
60300.000000,17.63
60400.000000,17.67
60500.000000,17.66
60600.000000,17.66
60700.000000,17.71
60800.000000,17.73
60900.000000,17.71
61000.000000,17.71
61100.000000,17.71
61200.000000,17.69
61300.000000,17.70
61400.000000,17.70
61500.000000,17.69
61600.000000,17.68
61700.000000,17.70
61800.000000,17.75
61900.000000,17.76
62000.000000,17.74
62100.000000,17.72
62200.000000,17.72
62300.000000,17.72
62400.000000,17.71
62500.000000,17.69
62600.000000,17.74
62700.000000,17.85
62800.000000,17.93
62900.000000,17.98
63000.000000,18.03
63100.000000,18.08
63200.000000,18.15
63300.000000,18.21
63400.000000,18.23
63500.000000,18.23
63600.000000,18.21
63700.000000,18.21
63800.000000,18.23
63900.000000,18.24
64000.000000,18.21
64100.000000,18.20
64200.000000,18.19
64300.000000,18.19
64400.000000,18.17
64500.000000,18.16
64600.000000,18.14
64700.000000,18.12
64800.000000,18.10
64900.000000,18.09
65000.000000,18.07
65100.000000,18.06
65200.000000,18.05
65300.000000,18.05
65400.000000,18.04
65500.000000,18.03
65600.000000,18.03
65700.000000,18.01
65800.000000,17.99
65900.000000,17.97
66000.000000,17.96
66100.000000,17.94
66200.000000,17.93
66300.000000,17.92
66400.000000,17.94
66500.000000,17.93
66600.000000,17.93
66700.000000,17.91
66800.000000,17.89
66900.000000,17.87
67000.000000,17.87
67100.000000,17.85
67200.000000,17.83
67300.000000,17.82
67400.000000,17.81
67500.000000,17.81
67600.000000,17.81
67700.000000,17.79
67800.000000,17.77
67900.000000,17.76
68000.000000,17.74
68100.000000,17.79
68200.000000,17.81
68300.000000,17.86
68400.000000,17.89
68500.000000,17.87
68600.000000,17.88
68700.000000,17.88
68800.000000,17.86
68900.000000,17.85
69000.000000,17.83
69100.000000,17.82
69200.000000,17.85
69300.000000,17.90
69400.000000,17.92
69500.000000,17.91
69600.000000,17.91
69700.000000,17.90
69800.000000,17.90
69900.000000,17.89
70000.000000,17.90
70100.000000,17.91
70200.000000,17.90
70300.000000,17.89
70400.000000,17.89
70500.000000,17.88
70600.000000,17.87
70700.000000,17.86
70800.000000,17.84
70900.000000,17.82
71000.000000,17.82
71100.000000,17.82
71200.000000,17.81
71300.000000,17.81
71400.000000,17.79
71500.000000,17.77
71600.000000,17.75
71700.000000,17.75
71800.000000,17.74
71900.000000,17.73
72000.000000,17.72
72100.000000,17.74
72200.000000,17.76
72300.000000,17.80
72400.000000,17.83
72500.000000,17.83
72600.000000,17.83
72700.000000,17.84
72800.000000,17.87
72900.000000,17.90
73000.000000,17.91
73100.000000,17.97
73200.000000,17.98
73300.000000,17.98
73400.000000,17.97
73500.000000,17.96
73600.000000,17.95
73700.000000,17.95
73800.000000,17.95
73900.000000,17.95
74000.000000,17.94
74100.000000,17.93
74200.000000,17.91
74300.000000,17.90
74400.000000,17.89
74500.000000,17.89
74600.000000,17.89
74700.000000,17.88
74800.000000,17.86
74900.000000,17.85
75000.000000,17.83
75100.000000,17.82
75200.000000,17.81
75300.000000,17.80
75400.000000,17.80
75500.000000,17.79
75600.000000,17.81
75700.000000,17.80
75800.000000,17.78
75900.000000,17.78
76000.000000,17.78
76100.000000,17.79
76200.000000,17.78
76300.000000,17.77
76400.000000,17.78
76500.000000,17.79
76600.000000,17.81
76700.000000,17.81
76800.000000,17.79
76900.000000,17.77
77000.000000,17.77
77100.000000,17.80
77200.000000,17.86
77300.000000,17.91
77400.000000,17.93
77500.000000,17.94
77600.000000,17.93
77700.000000,17.93
77800.000000,17.97
77900.000000,17.96
78000.000000,17.94
78100.000000,17.93
78200.000000,17.91
78300.000000,17.91
78400.000000,17.90
78500.000000,17.89
78600.000000,17.88
78700.000000,17.91
78800.000000,17.93
78900.000000,17.93
79000.000000,17.91
79100.000000,17.90
79200.000000,17.92
79300.000000,17.92
79400.000000,17.92
79500.000000,17.91
79600.000000,17.91
79700.000000,17.91
79800.000000,17.90
79900.000000,17.89
80000.000000,17.87
80100.000000,17.86
80200.000000,17.85
80300.000000,17.83
80400.000000,17.81
80500.000000,17.82
80600.000000,17.81
80700.000000,17.80
80800.000000,17.84
80900.000000,17.83
81000.000000,17.82
81100.000000,17.80
81200.000000,17.79
81300.000000,17.78
81400.000000,17.78
81500.000000,17.81
81600.000000,17.80
81700.000000,17.80
81800.000000,17.82
81900.000000,17.82
82000.000000,17.81
82100.000000,17.80
82200.000000,17.79
82300.000000,17.80
82400.000000,17.79
82500.000000,17.78
82600.000000,17.77
82700.000000,17.78
82800.000000,17.83
82900.000000,17.85
83000.000000,17.85
83100.000000,17.84
83200.000000,17.83
83300.000000,17.81
83400.000000,17.80
83500.000000,17.80
83600.000000,17.83
83700.000000,17.88
83800.000000,17.91
83900.000000,17.91
84000.000000,17.90
84100.000000,17.88
84200.000000,17.89
84300.000000,17.88
84400.000000,17.87
84500.000000,17.86
84600.000000,17.85
84700.000000,17.84
84800.000000,17.84
84900.000000,17.90
85000.000000,17.92
85100.000000,17.94
85200.000000,17.96
85300.000000,17.95
85400.000000,17.94
85500.000000,17.94
85600.000000,17.94
85700.000000,17.94
85800.000000,17.98
85900.000000,17.98
86000.000000,17.99
86100.000000,17.98
86200.000000,17.97
86300.000000,17.96
86400.000000,17.96
86500.000000,17.96
86600.000000,17.97
86700.000000,17.95
86800.000000,17.95
86900.000000,17.93
87000.000000,17.92
87100.000000,17.96
87200.000000,17.95
87300.000000,17.94
87400.000000,17.94
87500.000000,17.95
87600.000000,17.99
87700.000000,18.00
87800.000000,18.05
87900.000000,18.08
88000.000000,18.12
88100.000000,18.14
88200.000000,18.14
88300.000000,18.14
88400.000000,18.13
88500.000000,18.14
88600.000000,18.13
88700.000000,18.14
88800.000000,18.13
88900.000000,18.12
89000.000000,18.13
89100.000000,18.15
89200.000000,18.15
89300.000000,18.16
89400.000000,18.15
89500.000000,18.14
89600.000000,18.13
89700.000000,18.17
89800.000000,18.20
89900.000000,18.19
90000.000000,18.18
90100.000000,18.17
90200.000000,18.16
90300.000000,18.18
90400.000000,18.17
90500.000000,18.17
90600.000000,18.16
90700.000000,18.17
90800.000000,18.15
90900.000000,18.15
91000.000000,18.14
91100.000000,18.13
91200.000000,18.13
91300.000000,18.12
91400.000000,18.11
91500.000000,18.10
91600.000000,18.11
91700.000000,18.15
91800.000000,18.17
91900.000000,18.17
92000.000000,18.16
92100.000000,18.18
92200.000000,18.18
92300.000000,18.21
92400.000000,18.22
92500.000000,18.21
92600.000000,18.20
92700.000000,18.19
92800.000000,18.18
92900.000000,18.18
93000.000000,18.20
93100.000000,18.20
93200.000000,18.19
93300.000000,18.17
93400.000000,18.16
93500.000000,18.14
93600.000000,18.13
93700.000000,18.13
93800.000000,18.13
93900.000000,18.13
94000.000000,18.12
94100.000000,18.13
94200.000000,18.17
94300.000000,18.17
94400.000000,18.17
94500.000000,18.17
94600.000000,18.19
94700.000000,18.19
94800.000000,18.19
94900.000000,18.18
95000.000000,18.18
95100.000000,18.18
95200.000000,18.20
95300.000000,18.20
95400.000000,18.20
95500.000000,18.19
95600.000000,18.18
95700.000000,18.19
95800.000000,18.18
95900.000000,18.16
96000.000000,18.15
96100.000000,18.14
96200.000000,18.13
96300.000000,18.13
96400.000000,18.12
96500.000000,18.11
96600.000000,18.12
96700.000000,18.13
96800.000000,18.13
96900.000000,18.15
97000.000000,18.15
97100.000000,18.14
97200.000000,18.13
97300.000000,18.12
97400.000000,18.11
97500.000000,18.10
97600.000000,18.09
97700.000000,18.08
97800.000000,18.07
97900.000000,18.09
98000.000000,18.08
98100.000000,18.07
98200.000000,18.06
98300.000000,18.05
98400.000000,18.05
98500.000000,18.04
98600.000000,18.04
98700.000000,18.05
98800.000000,18.04
98900.000000,18.04
99000.000000,18.02
99100.000000,18.03
99200.000000,18.03
99300.000000,18.05
99400.000000,18.04
99500.000000,18.04
99600.000000,18.03
99700.000000,18.03
99800.000000,18.02
99900.000000,18.01
100000.000000,18.00
100000.014382,18.00
