Tempo Decorrido,Ocupacao
100.000000,0.78
200.000000,0.82
300.000000,0.83
400.000000,0.84
500.000000,0.83
600.000000,0.85
700.000000,0.85
800.000000,0.85
900.000000,0.85
1000.000000,0.86
1100.000000,0.87
1200.000000,0.87
1300.000000,0.87
1400.000000,0.87
1500.000000,0.87
1600.000000,0.87
1700.000000,0.87
1800.000000,0.86
1900.000000,0.86
2000.000000,0.86
2100.000000,0.86
2200.000000,0.86
2300.000000,0.86
2400.000000,0.86
2500.000000,0.86
2600.000000,0.86
2700.000000,0.86
2800.000000,0.86
2900.000000,0.86
3000.000000,0.86
3100.000000,0.86
3200.000000,0.86
3300.000000,0.86
3400.000000,0.86
3500.000000,0.86
3600.000000,0.86
3700.000000,0.86
3800.000000,0.86
3900.000000,0.86
4000.000000,0.86
4100.000000,0.86
4200.000000,0.86
4300.000000,0.86
4400.000000,0.86
4500.000000,0.86
4600.000000,0.86
4700.000000,0.86
4800.000000,0.86
4900.000000,0.86
5000.000000,0.86
5100.000000,0.86
5200.000000,0.86
5300.000000,0.86
5400.000000,0.86
5500.000000,0.86
5600.000000,0.86
5700.000000,0.86
5800.000000,0.86
5900.000000,0.85
6000.000000,0.85
6100.000000,0.85
6200.000000,0.85
6300.000000,0.85
6400.000000,0.85
6500.000000,0.85
6600.000000,0.85
6700.000000,0.85
6800.000000,0.85
6900.000000,0.85
7000.000000,0.85
7100.000000,0.85
7200.000000,0.85
7300.000000,0.85
7400.000000,0.85
7500.000000,0.85
7600.000000,0.85
7700.000000,0.85
7800.000000,0.85
7900.000000,0.85
8000.000000,0.85
8100.000000,0.85
8200.000000,0.85
8300.000000,0.85
8400.000000,0.85
8500.000000,0.85
8600.000000,0.85
8700.000000,0.85
8800.000000,0.85
8900.000000,0.85
9000.000000,0.85
9100.000000,0.85
9200.000000,0.85
9300.000000,0.85
9400.000000,0.85
9500.000000,0.85
9600.000000,0.85
9700.000000,0.85
9800.000000,0.85
9900.000000,0.85
10000.000000,0.85
10100.000000,0.86
10200.000000,0.86
10300.000000,0.86
10400.000000,0.85
10500.000000,0.85
10600.000000,0.86
10700.000000,0.86
10800.000000,0.86
10900.000000,0.86
11000.000000,0.86
11100.000000,0.86
11200.000000,0.86
11300.000000,0.86
11400.000000,0.86
11500.000000,0.86
11600.000000,0.86
11700.000000,0.86
11800.000000,0.86
11900.000000,0.86
12000.000000,0.86
12100.000000,0.86
12200.000000,0.86
12300.000000,0.86
12400.000000,0.86
12500.000000,0.86
12600.000000,0.86
12700.000000,0.86
12800.000000,0.85
12900.000000,0.85
13000.000000,0.85
13100.000000,0.85
13200.000000,0.85
13300.000000,0.85
13400.000000,0.85
13500.000000,0.85
13600.000000,0.85
13700.000000,0.85
13800.000000,0.85
13900.000000,0.85
14000.000000,0.85
14100.000000,0.85
14200.000000,0.85
14300.000000,0.86
14400.000000,0.86
14500.000000,0.86
14600.000000,0.86
14700.000000,0.86
14800.000000,0.86
14900.000000,0.86
15000.000000,0.86
15100.000000,0.86
15200.000000,0.86
15300.000000,0.86
15400.000000,0.85
15500.000000,0.85
15600.000000,0.85
15700.000000,0.85
15800.000000,0.85
15900.000000,0.85
16000.000000,0.85
16100.000000,0.85
16200.000000,0.85
16300.000000,0.85
16400.000000,0.85
16500.000000,0.85
16600.000000,0.85
16700.000000,0.85
16800.000000,0.85
16900.000000,0.85
17000.000000,0.85
17100.000000,0.85
17200.000000,0.85
17300.000000,0.85
17400.000000,0.85
17500.000000,0.86
17600.000000,0.86
17700.000000,0.85
17800.000000,0.85
17900.000000,0.85
18000.000000,0.85
18100.000000,0.85
18200.000000,0.85
18300.000000,0.86
18400.000000,0.85
18500.000000,0.85
18600.000000,0.85
18700.000000,0.85
18800.000000,0.86
18900.000000,0.85
19000.000000,0.85
19100.000000,0.85
19200.000000,0.85
19300.000000,0.85
19400.000000,0.85
19500.000000,0.85
19600.000000,0.85
19700.000000,0.85
19800.000000,0.85
19900.000000,0.85
20000.000000,0.85
20100.000000,0.85
20200.000000,0.85
20300.000000,0.85
20400.000000,0.85
20500.000000,0.85
20600.000000,0.85
20700.000000,0.85
20800.000000,0.85
20900.000000,0.85
21000.000000,0.85
21100.000000,0.85
21200.000000,0.85
21300.000000,0.85
21400.000000,0.85
21500.000000,0.85
21600.000000,0.85
21700.000000,0.85
21800.000000,0.85
21900.000000,0.85
22000.000000,0.85
22100.000000,0.85
22200.000000,0.85
22300.000000,0.85
22400.000000,0.85
22500.000000,0.85
22600.000000,0.85
22700.000000,0.85
22800.000000,0.85
22900.000000,0.85
23000.000000,0.85
23100.000000,0.85
23200.000000,0.85
23300.000000,0.85
23400.000000,0.85
23500.000000,0.85
23600.000000,0.85
23700.000000,0.85
23800.000000,0.85
23900.000000,0.85
24000.000000,0.85
24100.000000,0.85
24200.000000,0.85
24300.000000,0.85
24400.000000,0.85
24500.000000,0.85
24600.000000,0.85
24700.000000,0.85
24800.000000,0.85
24900.000000,0.85
25000.000000,0.85
25100.000000,0.85
25200.000000,0.85
25300.000000,0.85
25400.000000,0.85
25500.000000,0.85
25600.000000,0.85
25700.000000,0.85
25800.000000,0.85
25900.000000,0.85
26000.000000,0.85
26100.000000,0.85
26200.000000,0.85
26300.000000,0.85
26400.000000,0.85
26500.000000,0.85
26600.000000,0.85
26700.000000,0.85
26800.000000,0.85
26900.000000,0.85
27000.000000,0.85
27100.000000,0.85
27200.000000,0.85
27300.000000,0.85
27400.000000,0.85
27500.000000,0.85
27600.000000,0.85
27700.000000,0.85
27800.000000,0.85
27900.000000,0.85
28000.000000,0.85
28100.000000,0.85
28200.000000,0.85
28300.000000,0.85
28400.000000,0.85
28500.000000,0.85
28600.000000,0.85
28700.000000,0.85
28800.000000,0.85
28900.000000,0.85
29000.000000,0.85
29100.000000,0.85
29200.000000,0.85
29300.000000,0.85
29400.000000,0.85
29500.000000,0.85
29600.000000,0.85
29700.000000,0.85
29800.000000,0.85
29900.000000,0.85
30000.000000,0.85
30100.000000,0.85
30200.000000,0.85
30300.000000,0.85
30400.000000,0.85
30500.000000,0.85
30600.000000,0.85
30700.000000,0.85
30800.000000,0.85
30900.000000,0.85
31000.000000,0.85
31100.000000,0.85
31200.000000,0.85
31300.000000,0.85
31400.000000,0.85
31500.000000,0.85
31600.000000,0.85
31700.000000,0.85
31800.000000,0.85
31900.000000,0.85
32000.000000,0.85
32100.000000,0.85
32200.000000,0.85
32300.000000,0.85
32400.000000,0.85
32500.000000,0.85
32600.000000,0.85
32700.000000,0.85
32800.000000,0.85
32900.000000,0.85
33000.000000,0.85
33100.000000,0.85
33200.000000,0.85
33300.000000,0.85
33400.000000,0.85
33500.000000,0.85
33600.000000,0.85
33700.000000,0.85
33800.000000,0.85
33900.000000,0.85
34000.000000,0.85
34100.000000,0.85
34200.000000,0.85
34300.000000,0.85
34400.000000,0.85
34500.000000,0.85
34600.000000,0.85
34700.000000,0.85
34800.000000,0.85
34900.000000,0.85
35000.000000,0.85
35100.000000,0.85
35200.000000,0.85
35300.000000,0.85
35400.000000,0.85
35500.000000,0.85
35600.000000,0.85
35700.000000,0.85
35800.000000,0.85
35900.000000,0.85
36000.000000,0.85
36100.000000,0.85
36200.000000,0.85
36300.000000,0.85
36400.000000,0.85
36500.000000,0.85
36600.000000,0.85
36700.000000,0.85
36800.000000,0.85
36900.000000,0.85
37000.000000,0.85
37100.000000,0.85
37200.000000,0.85
37300.000000,0.85
37400.000000,0.85
37500.000000,0.85
37600.000000,0.85
37700.000000,0.85
37800.000000,0.85
37900.000000,0.85
38000.000000,0.85
38100.000000,0.85
38200.000000,0.85
38300.000000,0.85
38400.000000,0.85
38500.000000,0.85
38600.000000,0.85
38700.000000,0.85
38800.000000,0.85
38900.000000,0.85
39000.000000,0.85
39100.000000,0.85
39200.000000,0.85
39300.000000,0.85
39400.000000,0.85
39500.000000,0.85
39600.000000,0.85
39700.000000,0.85
39800.000000,0.85
39900.000000,0.85
40000.000000,0.85
40100.000000,0.85
40200.000000,0.85
40300.000000,0.85
40400.000000,0.85
40500.000000,0.85
40600.000000,0.85
40700.000000,0.85
40800.000000,0.85
40900.000000,0.85
41000.000000,0.85
41100.000000,0.85
41200.000000,0.85
41300.000000,0.85
41400.000000,0.85
41500.000000,0.85
41600.000000,0.85
41700.000000,0.85
41800.000000,0.85
41900.000000,0.85
42000.000000,0.85
42100.000000,0.85
42200.000000,0.85
42300.000000,0.85
42400.000000,0.85
42500.000000,0.85
42600.000000,0.85
42700.000000,0.85
42800.000000,0.85
42900.000000,0.85
43000.000000,0.85
43100.000000,0.85
43200.000000,0.85
43300.000000,0.85
43400.000000,0.85
43500.000000,0.85
43600.000000,0.85
43700.000000,0.85
43800.000000,0.85
43900.000000,0.85
44000.000000,0.85
44100.000000,0.85
44200.000000,0.85
44300.000000,0.85
44400.000000,0.85
44500.000000,0.85
44600.000000,0.85
44700.000000,0.85
44800.000000,0.85
44900.000000,0.85
45000.000000,0.85
45100.000000,0.85
45200.000000,0.85
45300.000000,0.85
45400.000000,0.85
45500.000000,0.85
45600.000000,0.85
45700.000000,0.85
45800.000000,0.85
45900.000000,0.85
46000.000000,0.85
46100.000000,0.85
46200.000000,0.85
46300.000000,0.85
46400.000000,0.85
46500.000000,0.85
46600.000000,0.85
46700.000000,0.85
46800.000000,0.85
46900.000000,0.85
47000.000000,0.85
47100.000000,0.85
47200.000000,0.85
47300.000000,0.85
47400.000000,0.85
47500.000000,0.85
47600.000000,0.85
47700.000000,0.85
47800.000000,0.85
47900.000000,0.85
48000.000000,0.85
48100.000000,0.85
48200.000000,0.85
48300.000000,0.85
48400.000000,0.85
48500.000000,0.85
48600.000000,0.85
48700.000000,0.85
48800.000000,0.85
48900.000000,0.85
49000.000000,0.85
49100.000000,0.85
49200.000000,0.85
49300.000000,0.85
49400.000000,0.85
49500.000000,0.85
49600.000000,0.85
49700.000000,0.85
49800.000000,0.85
49900.000000,0.85
50000.000000,0.85
50100.000000,0.85
50200.000000,0.85
50300.000000,0.85
50400.000000,0.85
50500.000000,0.85
50600.000000,0.85
50700.000000,0.85
50800.000000,0.85
50900.000000,0.85
51000.000000,0.85
51100.000000,0.85
51200.000000,0.85
51300.000000,0.85
51400.000000,0.85
51500.000000,0.85
51600.000000,0.85
51700.000000,0.85
51800.000000,0.85
51900.000000,0.85
52000.000000,0.85
52100.000000,0.85
52200.000000,0.85
52300.000000,0.85
52400.000000,0.85
52500.000000,0.85
52600.000000,0.85
52700.000000,0.85
52800.000000,0.85
52900.000000,0.85
53000.000000,0.85
53100.000000,0.85
53200.000000,0.85
53300.000000,0.85
53400.000000,0.85
53500.000000,0.85
53600.000000,0.85
53700.000000,0.85
53800.000000,0.85
53900.000000,0.85
54000.000000,0.85
54100.000000,0.85
54200.000000,0.85
54300.000000,0.85
54400.000000,0.85
54500.000000,0.85
54600.000000,0.85
54700.000000,0.85
54800.000000,0.85
54900.000000,0.85
55000.000000,0.85
55100.000000,0.85
55200.000000,0.85
55300.000000,0.85
55400.000000,0.85
55500.000000,0.85
55600.000000,0.85
55700.000000,0.85
55800.000000,0.85
55900.000000,0.85
56000.000000,0.85
56100.000000,0.85
56200.000000,0.85
56300.000000,0.85
56400.000000,0.85
56500.000000,0.85
56600.000000,0.85
56700.000000,0.85
56800.000000,0.85
56900.000000,0.85
57000.000000,0.85
57100.000000,0.85
57200.000000,0.85
57300.000000,0.85
57400.000000,0.85
57500.000000,0.85
57600.000000,0.85
57700.000000,0.85
57800.000000,0.85
57900.000000,0.85
58000.000000,0.85
58100.000000,0.85
58200.000000,0.85
58300.000000,0.85
58400.000000,0.85
58500.000000,0.85
58600.000000,0.85
58700.000000,0.85
58800.000000,0.85
58900.000000,0.85
59000.000000,0.85
59100.000000,0.85
59200.000000,0.85
59300.000000,0.85
59400.000000,0.85
59500.000000,0.85
59600.000000,0.85
59700.000000,0.85
59800.000000,0.85
59900.000000,0.85
60000.000000,0.85
60100.000000,0.85
60200.000000,0.85
60300.000000,0.85
60400.000000,0.85
60500.000000,0.85
60600.000000,0.85
60700.000000,0.85
60800.000000,0.85
60900.000000,0.85
61000.000000,0.85
61100.000000,0.85
61200.000000,0.85
61300.000000,0.85
61400.000000,0.85
61500.000000,0.85
61600.000000,0.85
61700.000000,0.85
61800.000000,0.85
61900.000000,0.85
62000.000000,0.85
62100.000000,0.85
62200.000000,0.85
62300.000000,0.85
62400.000000,0.85
62500.000000,0.85
62600.000000,0.85
62700.000000,0.85
62800.000000,0.85
62900.000000,0.85
63000.000000,0.85
63100.000000,0.85
63200.000000,0.85
63300.000000,0.85
63400.000000,0.85
63500.000000,0.85
63600.000000,0.85
63700.000000,0.85
63800.000000,0.85
63900.000000,0.85
64000.000000,0.85
64100.000000,0.85
64200.000000,0.85
64300.000000,0.85
64400.000000,0.85
64500.000000,0.85
64600.000000,0.85
64700.000000,0.85
64800.000000,0.85
64900.000000,0.85
65000.000000,0.85
65100.000000,0.85
65200.000000,0.85
65300.000000,0.85
65400.000000,0.85
65500.000000,0.85
65600.000000,0.85
65700.000000,0.85
65800.000000,0.85
65900.000000,0.85
66000.000000,0.85
66100.000000,0.85
66200.000000,0.85
66300.000000,0.85
66400.000000,0.85
66500.000000,0.85
66600.000000,0.85
66700.000000,0.85
66800.000000,0.85
66900.000000,0.85
67000.000000,0.85
67100.000000,0.85
67200.000000,0.85
67300.000000,0.85
67400.000000,0.85
67500.000000,0.85
67600.000000,0.85
67700.000000,0.85
67800.000000,0.85
67900.000000,0.85
68000.000000,0.85
68100.000000,0.85
68200.000000,0.85
68300.000000,0.85
68400.000000,0.85
68500.000000,0.85
68600.000000,0.85
68700.000000,0.85
68800.000000,0.85
68900.000000,0.85
69000.000000,0.85
69100.000000,0.85
69200.000000,0.85
69300.000000,0.85
69400.000000,0.85
69500.000000,0.85
69600.000000,0.85
69700.000000,0.85
69800.000000,0.85
69900.000000,0.85
70000.000000,0.85
70100.000000,0.85
70200.000000,0.85
70300.000000,0.85
70400.000000,0.85
70500.000000,0.85
70600.000000,0.85
70700.000000,0.85
70800.000000,0.85
70900.000000,0.85
71000.000000,0.85
71100.000000,0.85
71200.000000,0.85
71300.000000,0.85
71400.000000,0.85
71500.000000,0.85
71600.000000,0.85
71700.000000,0.85
71800.000000,0.85
71900.000000,0.85
72000.000000,0.85
72100.000000,0.85
72200.000000,0.85
72300.000000,0.85
72400.000000,0.85
72500.000000,0.85
72600.000000,0.85
72700.000000,0.85
72800.000000,0.85
72900.000000,0.85
73000.000000,0.85
73100.000000,0.85
73200.000000,0.85
73300.000000,0.85
73400.000000,0.85
73500.000000,0.85
73600.000000,0.85
73700.000000,0.85
73800.000000,0.85
73900.000000,0.85
74000.000000,0.85
74100.000000,0.85
74200.000000,0.85
74300.000000,0.85
74400.000000,0.85
74500.000000,0.85
74600.000000,0.85
74700.000000,0.85
74800.000000,0.85
74900.000000,0.85
75000.000000,0.85
75100.000000,0.85
75200.000000,0.85
75300.000000,0.85
75400.000000,0.85
75500.000000,0.85
75600.000000,0.85
75700.000000,0.85
75800.000000,0.85
75900.000000,0.85
76000.000000,0.85
76100.000000,0.85
76200.000000,0.85
76300.000000,0.85
76400.000000,0.85
76500.000000,0.85
76600.000000,0.85
76700.000000,0.85
76800.000000,0.85
76900.000000,0.85
77000.000000,0.85
77100.000000,0.85
77200.000000,0.85
77300.000000,0.85
77400.000000,0.85
77500.000000,0.85
77600.000000,0.85
77700.000000,0.85
77800.000000,0.85
77900.000000,0.85
78000.000000,0.85
78100.000000,0.85
78200.000000,0.85
78300.000000,0.85
78400.000000,0.85
78500.000000,0.85
78600.000000,0.85
78700.000000,0.85
78800.000000,0.85
78900.000000,0.85
79000.000000,0.85
79100.000000,0.85
79200.000000,0.85
79300.000000,0.85
79400.000000,0.85
79500.000000,0.85
79600.000000,0.85
79700.000000,0.85
79800.000000,0.85
79900.000000,0.85
80000.000000,0.85
80100.000000,0.85
80200.000000,0.85
80300.000000,0.85
80400.000000,0.85
80500.000000,0.85
80600.000000,0.85
80700.000000,0.85
80800.000000,0.85
80900.000000,0.85
81000.000000,0.85
81100.000000,0.85
81200.000000,0.85
81300.000000,0.85
81400.000000,0.85
81500.000000,0.85
81600.000000,0.85
81700.000000,0.85
81800.000000,0.85
81900.000000,0.85
82000.000000,0.85
82100.000000,0.85
82200.000000,0.85
82300.000000,0.85
82400.000000,0.85
82500.000000,0.85
82600.000000,0.85
82700.000000,0.85
82800.000000,0.85
82900.000000,0.85
83000.000000,0.85
83100.000000,0.85
83200.000000,0.85
83300.000000,0.85
83400.000000,0.85
83500.000000,0.85
83600.000000,0.85
83700.000000,0.85
83800.000000,0.85
83900.000000,0.85
84000.000000,0.85
84100.000000,0.85
84200.000000,0.85
84300.000000,0.85
84400.000000,0.85
84500.000000,0.85
84600.000000,0.85
84700.000000,0.85
84800.000000,0.85
84900.000000,0.85
85000.000000,0.85
85100.000000,0.85
85200.000000,0.85
85300.000000,0.85
85400.000000,0.85
85500.000000,0.85
85600.000000,0.85
85700.000000,0.85
85800.000000,0.85
85900.000000,0.85
86000.000000,0.85
86100.000000,0.85
86200.000000,0.85
86300.000000,0.85
86400.000000,0.85
86500.000000,0.85
86600.000000,0.85
86700.000000,0.85
86800.000000,0.85
86900.000000,0.85
87000.000000,0.85
87100.000000,0.85
87200.000000,0.85
87300.000000,0.85
87400.000000,0.85
87500.000000,0.85
87600.000000,0.85
87700.000000,0.85
87800.000000,0.85
87900.000000,0.85
88000.000000,0.85
88100.000000,0.85
88200.000000,0.85
88300.000000,0.85
88400.000000,0.85
88500.000000,0.85
88600.000000,0.85
88700.000000,0.85
88800.000000,0.85
88900.000000,0.85
89000.000000,0.85
89100.000000,0.85
89200.000000,0.85
89300.000000,0.85
89400.000000,0.85
89500.000000,0.85
89600.000000,0.85
89700.000000,0.85
89800.000000,0.85
89900.000000,0.85
90000.000000,0.85
90100.000000,0.85
90200.000000,0.85
90300.000000,0.85
90400.000000,0.85
90500.000000,0.85
90600.000000,0.85
90700.000000,0.85
90800.000000,0.85
90900.000000,0.85
91000.000000,0.85
91100.000000,0.85
91200.000000,0.85
91300.000000,0.85
91400.000000,0.85
91500.000000,0.85
91600.000000,0.85
91700.000000,0.85
91800.000000,0.85
91900.000000,0.85
92000.000000,0.85
92100.000000,0.85
92200.000000,0.85
92300.000000,0.85
92400.000000,0.85
92500.000000,0.85
92600.000000,0.85
92700.000000,0.85
92800.000000,0.85
92900.000000,0.85
93000.000000,0.85
93100.000000,0.85
93200.000000,0.85
93300.000000,0.85
93400.000000,0.85
93500.000000,0.85
93600.000000,0.85
93700.000000,0.85
93800.000000,0.85
93900.000000,0.85
94000.000000,0.85
94100.000000,0.85
94200.000000,0.85
94300.000000,0.85
94400.000000,0.85
94500.000000,0.85
94600.000000,0.85
94700.000000,0.85
94800.000000,0.85
94900.000000,0.85
95000.000000,0.85
95100.000000,0.85
95200.000000,0.85
95300.000000,0.85
95400.000000,0.85
95500.000000,0.85
95600.000000,0.85
95700.000000,0.85
95800.000000,0.85
95900.000000,0.85
96000.000000,0.85
96100.000000,0.85
96200.000000,0.85
96300.000000,0.85
96400.000000,0.85
96500.000000,0.85
96600.000000,0.85
96700.000000,0.85
96800.000000,0.85
96900.000000,0.85
97000.000000,0.85
97100.000000,0.85
97200.000000,0.85
97300.000000,0.85
97400.000000,0.85
97500.000000,0.85
97600.000000,0.85
97700.000000,0.85
97800.000000,0.85
97900.000000,0.85
98000.000000,0.85
98100.000000,0.85
98200.000000,0.85
98300.000000,0.85
98400.000000,0.85
98500.000000,0.85
98600.000000,0.85
98700.000000,0.85
98800.000000,0.85
98900.000000,0.85
99000.000000,0.85
99100.000000,0.85
99200.000000,0.85
99300.000000,0.85
99400.000000,0.85
99500.000000,0.85
99600.000000,0.85
99700.000000,0.85
99800.000000,0.85
99900.000000,0.85
100000.000000,0.85
100000.007692,0.85
