Tempo Decorrido,Little
100.000000,-0.00000000000007727152
200.000000,-0.00000000000012967405
300.000000,-0.00000000000032773784
400.000000,-0.00000000000062172489
500.000000,0.00000000000162270197
600.000000,-0.00000000000049382720
700.000000,-0.00000000000451993998
800.000000,-0.00000000000252597943
900.000000,-0.00000000000361044528
1000.000000,-0.00000000000780620013
1100.000000,-0.00000000000784083909
1200.000000,-0.00000000000685496104
1300.000000,-0.00000000001275068939
1400.000000,-0.00000000000609023942
1500.000000,-0.00000000000857358629
1600.000000,-0.00000000000846078763
1700.000000,-0.00000000000309885451
1800.000000,-0.00000000000736743999
1900.000000,0.00000000000557154323
2000.000000,0.00000000000709121650
2100.000000,0.00000000000622080165
2200.000000,0.00000000001220268331
2300.000000,-0.00000000000525535171
2400.000000,0.00000000000618172180
2500.000000,0.00000000000193089988
2600.000000,-0.00000000000149835699
2700.000000,0.00000000000847943937
2800.000000,0.00000000000887645513
2900.000000,-0.00000000001422950646
3000.000000,-0.00000000001847411113
3100.000000,-0.00000000000540101297
3200.000000,0.00000000001347721934
3300.000000,-0.00000000000223021601
3400.000000,-0.00000000000894306851
3500.000000,-0.00000000001549871342
3600.000000,-0.00000000001206590383
3700.000000,0.00000000002087485740
3800.000000,0.00000000002666489252
3900.000000,0.00000000003646061231
4000.000000,0.00000000005344347187
4100.000000,0.00000000006853184686
4200.000000,0.00000000005592770691
4300.000000,0.00000000002753175465
4400.000000,0.00000000004780176255
4500.000000,0.00000000004478106774
4600.000000,0.00000000006014477805
4700.000000,0.00000000005460965014
4800.000000,0.00000000005543210335
4900.000000,0.00000000003226219292
5000.000000,0.00000000004474820514
5100.000000,0.00000000006065992153
5200.000000,0.00000000002764988238
5300.000000,0.00000000002552891232
5400.000000,0.00000000004043876345
5500.000000,0.00000000005395683900
5600.000000,0.00000000006513545259
5700.000000,0.00000000008968559229
5800.000000,0.00000000007367795263
5900.000000,0.00000000010832312825
6000.000000,0.00000000006311129397
6100.000000,0.00000000007898837140
6200.000000,0.00000000008125500273
6300.000000,0.00000000009413803070
6400.000000,0.00000000007189537854
6500.000000,0.00000000001950795081
6600.000000,0.00000000001456523790
6700.000000,0.00000000000996891458
6800.000000,-0.00000000001544631090
6900.000000,-0.00000000001473754452
7000.000000,-0.00000000002748912209
7100.000000,-0.00000000004005329401
7200.000000,-0.00000000005546230142
7300.000000,-0.00000000003500311152
7400.000000,-0.00000000003382805147
7500.000000,-0.00000000001612754374
7600.000000,0.00000000000957456336
7700.000000,0.00000000002710009994
7800.000000,0.00000000008814549091
7900.000000,0.00000000012083933854
8000.000000,0.00000000013037126934
8100.000000,0.00000000012832757079
8200.000000,0.00000000010491874036
8300.000000,0.00000000009394618417
8400.000000,0.00000000005409095394
8500.000000,0.00000000005419398263
8600.000000,0.00000000005059330732
8700.000000,0.00000000003485656208
8800.000000,0.00000000009844569604
8900.000000,0.00000000011456169347
9000.000000,0.00000000011803535926
9100.000000,0.00000000011864731420
9200.000000,0.00000000011043077563
9300.000000,0.00000000012411494055
9400.000000,0.00000000008905143289
9500.000000,0.00000000010987033505
9600.000000,0.00000000012780176917
9700.000000,0.00000000017855228407
9800.000000,0.00000000017667201035
9900.000000,0.00000000020792612077
10000.000000,0.00000000019994494949
10100.000000,0.00000000022761348362
10200.000000,0.00000000022401369648
10300.000000,0.00000000021783108650
10400.000000,0.00000000014787815417
10500.000000,0.00000000011715872716
10600.000000,0.00000000015739409776
10700.000000,0.00000000020604851159
10800.000000,0.00000000018164048043
10900.000000,0.00000000012273737582
11000.000000,0.00000000020535573242
11100.000000,0.00000000029648283828
11200.000000,0.00000000022731239113
11300.000000,0.00000000030520119765
11400.000000,0.00000000031344704610
11500.000000,0.00000000025645086055
11600.000000,0.00000000030812774554
11700.000000,0.00000000032891112056
11800.000000,0.00000000035980640689
11900.000000,0.00000000038865977103
12000.000000,0.00000000040306158411
12100.000000,0.00000000041152059538
12200.000000,0.00000000041640202397
12300.000000,0.00000000043102765801
12400.000000,0.00000000046164760903
12500.000000,0.00000000040745451457
12600.000000,0.00000000040700953718
12700.000000,0.00000000037146730136
12800.000000,0.00000000031409452816
12900.000000,0.00000000034508218505
13000.000000,0.00000000033598723803
13100.000000,0.00000000030254998507
13200.000000,0.00000000033042457659
13300.000000,0.00000000027694468940
13400.000000,0.00000000033766234253
13500.000000,0.00000000036092107081
13600.000000,0.00000000038572878225
13700.000000,0.00000000036453151608
13800.000000,0.00000000038397818258
13900.000000,0.00000000030915625615
14000.000000,0.00000000025504576229
14100.000000,0.00000000027668445313
14200.000000,0.00000000031458835537
14300.000000,0.00000000032008351525
14400.000000,0.00000000029736391127
14500.000000,0.00000000027285640414
14600.000000,0.00000000025993784902
14700.000000,0.00000000043919445858
14800.000000,0.00000000045160941653
14900.000000,0.00000000051788084932
15000.000000,0.00000000040002756663
15100.000000,0.00000000040702197168
15200.000000,0.00000000034812241978
15300.000000,0.00000000037861713764
15400.000000,0.00000000040092640319
15500.000000,0.00000000044387871156
15600.000000,0.00000000040229242160
15700.000000,0.00000000032759661650
15800.000000,0.00000000026693758315
15900.000000,0.00000000023791812964
16000.000000,0.00000000020076917906
16100.000000,0.00000000016088197441
16200.000000,0.00000000009813128088
16300.000000,0.00000000023505997149
16400.000000,0.00000000022926283094
16500.000000,0.00000000023219648426
16600.000000,0.00000000020315571447
16700.000000,0.00000000010915002235
16800.000000,0.00000000010577672072
16900.000000,0.00000000009393197331
17000.000000,0.00000000012945733374
17100.000000,0.00000000006892086901
17200.000000,-0.00000000008060130341
17300.000000,-0.00000000019378099125
17400.000000,-0.00000000016729373442
17500.000000,-0.00000000021084201052
17600.000000,-0.00000000015279333354
17700.000000,-0.00000000014406698057
17800.000000,-0.00000000011945644474
17900.000000,-0.00000000006307399048
18000.000000,-0.00000000009931344636
18100.000000,-0.00000000009308465110
18200.000000,-0.00000000011639578190
18300.000000,-0.00000000009379164112
18400.000000,-0.00000000007168754479
18500.000000,-0.00000000022588242388
18600.000000,-0.00000000021441781684
18700.000000,-0.00000000025797497472
18800.000000,-0.00000000019969625953
18900.000000,-0.00000000030496405401
19000.000000,-0.00000000038529535118
19100.000000,-0.00000000045563819384
19200.000000,-0.00000000035476244165
19300.000000,-0.00000000040492853515
19400.000000,-0.00000000045588421926
19500.000000,-0.00000000041232173231
19600.000000,-0.00000000037097347416
19700.000000,-0.00000000043211567657
19800.000000,-0.00000000040367176268
19900.000000,-0.00000000041768544179
20000.000000,-0.00000000044925752007
20100.000000,-0.00000000043578385345
20200.000000,-0.00000000048901327432
20300.000000,-0.00000000050364601378
20400.000000,-0.00000000050261128592
20500.000000,-0.00000000040181724614
20600.000000,-0.00000000037072478420
20700.000000,-0.00000000038368153099
20800.000000,-0.00000000033967584301
20900.000000,-0.00000000039445069433
21000.000000,-0.00000000044534420596
21100.000000,-0.00000000059913940476
21200.000000,-0.00000000066957994704
21300.000000,-0.00000000059861804402
21400.000000,-0.00000000067369843038
21500.000000,-0.00000000068746430770
21600.000000,-0.00000000075032957625
21700.000000,-0.00000000073962169722
21800.000000,-0.00000000074688788487
21900.000000,-0.00000000080858342244
22000.000000,-0.00000000082533713197
22100.000000,-0.00000000089685148197
22200.000000,-0.00000000097155616885
22300.000000,-0.00000000068583716484
22400.000000,-0.00000000073559203173
22500.000000,-0.00000000063475091849
22600.000000,-0.00000000074524741933
22700.000000,-0.00000000079173823053
22800.000000,-0.00000000085099216562
22900.000000,-0.00000000087803275761
23000.000000,-0.00000000088706375578
23100.000000,-0.00000000097190877568
23200.000000,-0.00000000084269213829
23300.000000,-0.00000000091309804162
23400.000000,-0.00000000099587715852
23500.000000,-0.00000000103698027942
23600.000000,-0.00000000107147446471
23700.000000,-0.00000000094887830926
23800.000000,-0.00000000099161745482
23900.000000,-0.00000000104899200437
24000.000000,-0.00000000125093180259
24100.000000,-0.00000000134841737776
24200.000000,-0.00000000118449960951
24300.000000,-0.00000000114543308172
24400.000000,-0.00000000118824239337
24500.000000,-0.00000000132853372747
24600.000000,-0.00000000120651222346
24700.000000,-0.00000000114662057626
24800.000000,-0.00000000103242570049
24900.000000,-0.00000000095938723632
25000.000000,-0.00000000095773078357
25100.000000,-0.00000000097614361039
25200.000000,-0.00000000091440899297
25300.000000,-0.00000000083093265602
25400.000000,-0.00000000089438056960
25500.000000,-0.00000000069477401610
25600.000000,-0.00000000071130212831
25700.000000,-0.00000000084903017950
25800.000000,-0.00000000089019813743
25900.000000,-0.00000000095390362276
26000.000000,-0.00000000098219388178
26100.000000,-0.00000000110359188454
26200.000000,-0.00000000109787379188
26300.000000,-0.00000000100861630159
26400.000000,-0.00000000113428377801
26500.000000,-0.00000000108432907098
26600.000000,-0.00000000099209440663
26700.000000,-0.00000000097438324076
26800.000000,-0.00000000099188834923
26900.000000,-0.00000000086311136016
27000.000000,-0.00000000081759754522
27100.000000,-0.00000000071717920491
27200.000000,-0.00000000085244256098
27300.000000,-0.00000000072798034267
27400.000000,-0.00000000070942363095
27500.000000,-0.00000000067049921171
27600.000000,-0.00000000076010753247
27700.000000,-0.00000000079115292095
27800.000000,-0.00000000077066619752
27900.000000,-0.00000000073468076067
28000.000000,-0.00000000078446937835
28100.000000,-0.00000000065256422488
28200.000000,-0.00000000069591443719
28300.000000,-0.00000000076104367253
28400.000000,-0.00000000078793771507
28500.000000,-0.00000000082252604727
28600.000000,-0.00000000082799989087
28700.000000,-0.00000000080378903533
28800.000000,-0.00000000068471361914
28900.000000,-0.00000000065324101683
29000.000000,-0.00000000070779204719
29100.000000,-0.00000000061311400401
29200.000000,-0.00000000060435567661
29300.000000,-0.00000000081967144183
29400.000000,-0.00000000085206330880
29500.000000,-0.00000000082528206491
29600.000000,-0.00000000098528829540
29700.000000,-0.00000000120842180706
29800.000000,-0.00000000133195854346
29900.000000,-0.00000000128535226906
30000.000000,-0.00000000109927000835
30100.000000,-0.00000000127772015190
30200.000000,-0.00000000138633637903
30300.000000,-0.00000000139154288092
30400.000000,-0.00000000143984291157
30500.000000,-0.00000000144367362509
30600.000000,-0.00000000165389923978
30700.000000,-0.00000000157197899142
30800.000000,-0.00000000160216728773
30900.000000,-0.00000000170930647414
31000.000000,-0.00000000144948142378
31100.000000,-0.00000000129637989232
31200.000000,-0.00000000147268597317
31300.000000,-0.00000000149339918210
31400.000000,-0.00000000148875667350
31500.000000,-0.00000000143159883947
31600.000000,-0.00000000141406797383
31700.000000,-0.00000000156671653428
31800.000000,-0.00000000161160151890
31900.000000,-0.00000000150801682253
32000.000000,-0.00000000140166367402
32100.000000,-0.00000000131291866268
32200.000000,-0.00000000131790311997
32300.000000,-0.00000000125599797229
32400.000000,-0.00000000135210687091
32500.000000,-0.00000000144751055586
32600.000000,-0.00000000140116274139
32700.000000,-0.00000000160806390426
32800.000000,-0.00000000161873536797
32900.000000,-0.00000000177793424427
33000.000000,-0.00000000188959603520
33100.000000,-0.00000000185996640312
33200.000000,-0.00000000179828685276
33300.000000,-0.00000000195845828443
33400.000000,-0.00000000183971593515
33500.000000,-0.00000000192458315951
33600.000000,-0.00000000204501837686
33700.000000,-0.00000000188310611549
33800.000000,-0.00000000193385130132
33900.000000,-0.00000000191890148216
34000.000000,-0.00000000209741735091
34100.000000,-0.00000000199319316607
34200.000000,-0.00000000230537633428
34300.000000,-0.00000000232718644355
34400.000000,-0.00000000246848852470
34500.000000,-0.00000000233423591567
34600.000000,-0.00000000244231301849
34700.000000,-0.00000000247453701974
34800.000000,-0.00000000236820252297
34900.000000,-0.00000000258632137928
35000.000000,-0.00000000273908007387
35100.000000,-0.00000000282288237230
35200.000000,-0.00000000270982614126
35300.000000,-0.00000000266115929293
35400.000000,-0.00000000250460807649
35500.000000,-0.00000000240110864524
35600.000000,-0.00000000230600782913
35700.000000,-0.00000000235849650920
35800.000000,-0.00000000231384156280
35900.000000,-0.00000000224645013702
36000.000000,-0.00000000229748220448
36100.000000,-0.00000000228092389420
36200.000000,-0.00000000243271180977
36300.000000,-0.00000000253083509705
36400.000000,-0.00000000268014055393
36500.000000,-0.00000000267796540498
36600.000000,-0.00000000267047095548
36700.000000,-0.00000000268945843374
36800.000000,-0.00000000272988742722
36900.000000,-0.00000000273072586765
37000.000000,-0.00000000276404410471
37100.000000,-0.00000000304578051669
37200.000000,-0.00000000289074364446
37300.000000,-0.00000000306593506139
37400.000000,-0.00000000298736946291
37500.000000,-0.00000000299164071293
37600.000000,-0.00000000287325807591
37700.000000,-0.00000000260685428799
37800.000000,-0.00000000276817679890
37900.000000,-0.00000000302825053922
38000.000000,-0.00000000301977198802
38100.000000,-0.00000000311671755071
38200.000000,-0.00000000320613668947
38300.000000,-0.00000000308542702498
38400.000000,-0.00000000294762614317
38500.000000,-0.00000000293495450165
38600.000000,-0.00000000284133161443
38700.000000,-0.00000000275395439786
38800.000000,-0.00000000261563393167
38900.000000,-0.00000000273230682524
39000.000000,-0.00000000275500866564
39100.000000,-0.00000000269391176033
39200.000000,-0.00000000273208566881
39300.000000,-0.00000000260462318380
39400.000000,-0.00000000269131383845
39500.000000,-0.00000000280946110820
39600.000000,-0.00000000273479194846
39700.000000,-0.00000000282536483098
39800.000000,-0.00000000265383004461
39900.000000,-0.00000000273082978453
40000.000000,-0.00000000268510369494
40100.000000,-0.00000000269084399207
40200.000000,-0.00000000261645638489
40300.000000,-0.00000000243709141756
40400.000000,-0.00000000245452191905
40500.000000,-0.00000000241018227598
40600.000000,-0.00000000241368969256
40700.000000,-0.00000000239065300889
40800.000000,-0.00000000235774599844
40900.000000,-0.00000000232870167594
41000.000000,-0.00000000251153231545
41100.000000,-0.00000000252086174157
41200.000000,-0.00000000253580179077
41300.000000,-0.00000000256602028514
41400.000000,-0.00000000254205101413
41500.000000,-0.00000000286393220250
41600.000000,-0.00000000305250580368
41700.000000,-0.00000000314300141468
41800.000000,-0.00000000340689876310
41900.000000,-0.00000000301182012663
42000.000000,-0.00000000279160161654
42100.000000,-0.00000000279069478637
42200.000000,-0.00000000281832956972
42300.000000,-0.00000000284622370117
42400.000000,-0.00000000276071787653
42500.000000,-0.00000000274742628648
42600.000000,-0.00000000307683123424
42700.000000,-0.00000000325668114698
42800.000000,-0.00000000294755864161
42900.000000,-0.00000000301921687651
43000.000000,-0.00000000295801072525
43100.000000,-0.00000000294805779788
43200.000000,-0.00000000369838470959
43300.000000,-0.00000000358321106120
43400.000000,-0.00000000378820530500
43500.000000,-0.00000000376615183484
43600.000000,-0.00000000352810936022
43700.000000,-0.00000000364324392876
43800.000000,-0.00000000348307072073
43900.000000,-0.00000000345749651132
44000.000000,-0.00000000337042749265
44100.000000,-0.00000000359244278769
44200.000000,-0.00000000374875952502
44300.000000,-0.00000000363381147395
44400.000000,-0.00000000390120735716
44500.000000,-0.00000000378288511627
44600.000000,-0.00000000390066556832
44700.000000,-0.00000000401126332150
44800.000000,-0.00000000409060962880
44900.000000,-0.00000000417368184458
45000.000000,-0.00000000411274836409
45100.000000,-0.00000000433182734128
45200.000000,-0.00000000442530900813
45300.000000,-0.00000000445001013816
45400.000000,-0.00000000452117365768
45500.000000,-0.00000000453344473073
45600.000000,-0.00000000460451499151
45700.000000,-0.00000000458000215531
45800.000000,-0.00000000452603732271
45900.000000,-0.00000000448082815296
46000.000000,-0.00000000428997282143
46100.000000,-0.00000000419283896491
46200.000000,-0.00000000425828883266
46300.000000,-0.00000000409241440735
46400.000000,-0.00000000403567756990
46500.000000,-0.00000000403335675969
46600.000000,-0.00000000403447852904
46700.000000,-0.00000000400011490598
46800.000000,-0.00000000413025880164
46900.000000,-0.00000000423519619375
47000.000000,-0.00000000425825330552
47100.000000,-0.00000000403757827172
47200.000000,-0.00000000411561451585
47300.000000,-0.00000000411833855907
47400.000000,-0.00000000421542267759
47500.000000,-0.00000000399360278180
47600.000000,-0.00000000397858279655
47700.000000,-0.00000000427159907446
47800.000000,-0.00000000406353972693
47900.000000,-0.00000000404192057601
48000.000000,-0.00000000422460644245
48100.000000,-0.00000000432926938743
48200.000000,-0.00000000464687488488
48300.000000,-0.00000000450009185471
48400.000000,-0.00000000461800553353
48500.000000,-0.00000000477208939031
48600.000000,-0.00000000461533922191
48700.000000,-0.00000000439955538667
48800.000000,-0.00000000442308234483
48900.000000,-0.00000000433976410363
49000.000000,-0.00000000426041513180
49100.000000,-0.00000000403196942500
49200.000000,-0.00000000387438969796
49300.000000,-0.00000000404246325303
49400.000000,-0.00000000440569269955
49500.000000,-0.00000000400554522884
49600.000000,-0.00000000398249166977
49700.000000,-0.00000000393517751718
49800.000000,-0.00000000412592804366
49900.000000,-0.00000000389334786632
50000.000000,-0.00000000408620159931
50100.000000,-0.00000000413125178511
50200.000000,-0.00000000420664836298
50300.000000,-0.00000000417931911301
50400.000000,-0.00000000438202985009
50500.000000,-0.00000000439695835297
50600.000000,-0.00000000478070116827
50700.000000,-0.00000000485708717690
50800.000000,-0.00000000500785191093
50900.000000,-0.00000000506737851680
51000.000000,-0.00000000537945332724
51100.000000,-0.00000000542864775355
51200.000000,-0.00000000542731548592
51300.000000,-0.00000000527854382426
51400.000000,-0.00000000511501241363
51500.000000,-0.00000000513493514376
51600.000000,-0.00000000505308417331
51700.000000,-0.00000000518299358987
51800.000000,-0.00000000530454968839
51900.000000,-0.00000000529857580034
52000.000000,-0.00000000540157518714
52100.000000,-0.00000000511237896461
52200.000000,-0.00000000501718577794
52300.000000,-0.00000000513231146471
52400.000000,-0.00000000493123231138
52500.000000,-0.00000000488939555510
52600.000000,-0.00000000496712360132
52700.000000,-0.00000000478608352950
52800.000000,-0.00000000488675588883
52900.000000,-0.00000000499690955280
53000.000000,-0.00000000471095962240
53100.000000,-0.00000000456134774396
53200.000000,-0.00000000467694505346
53300.000000,-0.00000000454650006532
53400.000000,-0.00000000412064427024
53500.000000,-0.00000000399046751198
53600.000000,-0.00000000398473254393
53700.000000,-0.00000000421414547702
53800.000000,-0.00000000421476453738
53900.000000,-0.00000000401899402647
54000.000000,-0.00000000398847443961
54100.000000,-0.00000000389695387071
54200.000000,-0.00000000369283625901
54300.000000,-0.00000000363784380397
54400.000000,-0.00000000377214259828
54500.000000,-0.00000000392787846692
54600.000000,-0.00000000437610125914
54700.000000,-0.00000000419178647348
54800.000000,-0.00000000377315867439
54900.000000,-0.00000000389371468401
55000.000000,-0.00000000388904197735
55100.000000,-0.00000000365950914016
55200.000000,-0.00000000389701959591
55300.000000,-0.00000000394252186453
55400.000000,-0.00000000372342334742
55500.000000,-0.00000000380820353030
55600.000000,-0.00000000378932973888
55700.000000,-0.00000000369574504333
55800.000000,-0.00000000343370576417
55900.000000,-0.00000000352857387753
56000.000000,-0.00000000386441900702
56100.000000,-0.00000000400215771634
56200.000000,-0.00000000399675403884
56300.000000,-0.00000000431076774277
56400.000000,-0.00000000415833945056
56500.000000,-0.00000000417446877066
56600.000000,-0.00000000408857037115
56700.000000,-0.00000000404233535534
56800.000000,-0.00000000397850818956
56900.000000,-0.00000000396499011401
57000.000000,-0.00000000382469167448
57100.000000,-0.00000000397798061158
57200.000000,-0.00000000379462949951
57300.000000,-0.00000000392430798968
57400.000000,-0.00000000405663413972
57500.000000,-0.00000000396621757659
57600.000000,-0.00000000350244722114
57700.000000,-0.00000000346503536974
57800.000000,-0.00000000350041151620
57900.000000,-0.00000000348435680309
58000.000000,-0.00000000384159548616
58100.000000,-0.00000000403990085829
58200.000000,-0.00000000398428667836
58300.000000,-0.00000000380461351313
58400.000000,-0.00000000397582144984
58500.000000,-0.00000000389710930193
58600.000000,-0.00000000390879506540
58700.000000,-0.00000000399697608344
58800.000000,-0.00000000412658440752
58900.000000,-0.00000000400960420421
59000.000000,-0.00000000416074463772
59100.000000,-0.00000000415365875028
59200.000000,-0.00000000426418544919
59300.000000,-0.00000000391019838730
59400.000000,-0.00000000421985557608
59500.000000,-0.00000000406901445871
59600.000000,-0.00000000392283450168
59700.000000,-0.00000000342908101914
59800.000000,-0.00000000270940692104
59900.000000,-0.00000000282707990351
60000.000000,-0.00000000268731081832
60100.000000,-0.00000000256746801597
60200.000000,-0.00000000244843256780
60300.000000,-0.00000000260131205465
60400.000000,-0.00000000275282907580
60500.000000,-0.00000000256279975019
60600.000000,-0.00000000204431760409
60700.000000,-0.00000000235962183126
60800.000000,-0.00000000210732942207
60900.000000,-0.00000000236394903652
61000.000000,-0.00000000249542519981
61100.000000,-0.00000000246443843110
61200.000000,-0.00000000286474577393
61300.000000,-0.00000000293190982603
61400.000000,-0.00000000306351122248
61500.000000,-0.00000000304658165362
61600.000000,-0.00000000280031375866
61700.000000,-0.00000000297337710009
61800.000000,-0.00000000246693154793
61900.000000,-0.00000000253551046825
62000.000000,-0.00000000307827896506
62100.000000,-0.00000000344922224116
62200.000000,-0.00000000362055363468
62300.000000,-0.00000000397594401846
62400.000000,-0.00000000446374137653
62500.000000,-0.00000000473027572667
62600.000000,-0.00000000461732696522
62700.000000,-0.00000000477939288146
62800.000000,-0.00000000425765822598
62900.000000,-0.00000000390066023925
63000.000000,-0.00000000412037337583
63100.000000,-0.00000000407531697277
63200.000000,-0.00000000386971787947
63300.000000,-0.00000000433464464322
63400.000000,-0.00000000430778879235
63500.000000,-0.00000000398376442945
63600.000000,-0.00000000409764311371
63700.000000,-0.00000000397600441460
63800.000000,-0.00000000364793528718
63900.000000,-0.00000000329838467650
64000.000000,-0.00000000336610828100
64100.000000,-0.00000000371376618347
64200.000000,-0.00000000396684018966
64300.000000,-0.00000000409154310432
64400.000000,-0.00000000439871428171
64500.000000,-0.00000000404965483369
64600.000000,-0.00000000376207509589
64700.000000,-0.00000000358271634582
64800.000000,-0.00000000350162920881
64900.000000,-0.00000000329452021219
65000.000000,-0.00000000328491100987
65100.000000,-0.00000000301024183358
65200.000000,-0.00000000290141510817
65300.000000,-0.00000000306655056903
65400.000000,-0.00000000282970358256
65500.000000,-0.00000000323587645568
65600.000000,-0.00000000299541902393
65700.000000,-0.00000000253259724303
65800.000000,-0.00000000278900724737
65900.000000,-0.00000000305357961139
66000.000000,-0.00000000326631521830
66100.000000,-0.00000000370887320855
66200.000000,-0.00000000358028184877
66300.000000,-0.00000000406046751777
66400.000000,-0.00000000402032540592
66500.000000,-0.00000000400624156072
66600.000000,-0.00000000402597866156
66700.000000,-0.00000000399493238490
66800.000000,-0.00000000417536583086
66900.000000,-0.00000000438321112739
67000.000000,-0.00000000404861566494
67100.000000,-0.00000000402171718150
67200.000000,-0.00000000445014691763
67300.000000,-0.00000000470623895410
67400.000000,-0.00000000487344209432
67500.000000,-0.00000000463208582602
67600.000000,-0.00000000436960956307
67700.000000,-0.00000000487951457018
67800.000000,-0.00000000415834211509
67900.000000,-0.00000000416168610684
68000.000000,-0.00000000332229799227
68100.000000,-0.00000000306884118118
68200.000000,-0.00000000339742278754
68300.000000,-0.00000000363342156362
68400.000000,-0.00000000373387454289
68500.000000,-0.00000000369387809229
68600.000000,-0.00000000361671581572
68700.000000,-0.00000000377229092408
68800.000000,-0.00000000374055986185
68900.000000,-0.00000000382314180314
69000.000000,-0.00000000412346157219
69100.000000,-0.00000000444537651134
69200.000000,-0.00000000432366142888
69300.000000,-0.00000000409148359637
69400.000000,-0.00000000418137879876
69500.000000,-0.00000000380391540489
69600.000000,-0.00000000342644668194
69700.000000,-0.00000000393376975438
69800.000000,-0.00000000372598396581
69900.000000,-0.00000000341474315491
70000.000000,-0.00000000305210612339
70100.000000,-0.00000000268182365204
70200.000000,-0.00000000249399345620
70300.000000,-0.00000000263968935599
70400.000000,-0.00000000198602911894
70500.000000,-0.00000000197999661111
70600.000000,-0.00000000208615258401
70700.000000,-0.00000000198739336099
70800.000000,-0.00000000209625206082
70900.000000,-0.00000000196491267701
71000.000000,-0.00000000209204298329
71100.000000,-0.00000000208045936034
71200.000000,-0.00000000192712512614
71300.000000,-0.00000000202282812722
71400.000000,-0.00000000267498645456
71500.000000,-0.00000000255580268060
71600.000000,-0.00000000270491629095
71700.000000,-0.00000000286898593771
71800.000000,-0.00000000294109270271
71900.000000,-0.00000000296871149885
72000.000000,-0.00000000309307601754
72100.000000,-0.00000000323574855798
72200.000000,-0.00000000348698669939
72300.000000,-0.00000000318910586827
72400.000000,-0.00000000302056069046
72500.000000,-0.00000000276444556135
72600.000000,-0.00000000256700616319
72700.000000,-0.00000000261354671238
72800.000000,-0.00000000242179343246
72900.000000,-0.00000000226689511607
73000.000000,-0.00000000211228901037
73100.000000,-0.00000000236987851565
73200.000000,-0.00000000234692176804
73300.000000,-0.00000000239009079195
73400.000000,-0.00000000229576802013
73500.000000,-0.00000000246492248834
73600.000000,-0.00000000186321713613
73700.000000,-0.00000000218003215480
73800.000000,-0.00000000225404050980
73900.000000,-0.00000000167605218593
74000.000000,-0.00000000138826017348
74100.000000,-0.00000000105142827778
74200.000000,-0.00000000066425087653
74300.000000,-0.00000000076614981026
74400.000000,-0.00000000085762241753
74500.000000,-0.00000000077426154377
74600.000000,-0.00000000056973181728
74700.000000,-0.00000000053564708224
74800.000000,-0.00000000067840666418
74900.000000,-0.00000000058538862646
75000.000000,-0.00000000018637358323
75100.000000,-0.00000000026164936884
75200.000000,-0.00000000014866863296
75300.000000,0.00000000005726086272
75400.000000,-0.00000000001138822370
75500.000000,0.00000000017931700569
75600.000000,0.00000000010526335359
75700.000000,-0.00000000024718715963
75800.000000,-0.00000000053902660113
75900.000000,-0.00000000022165025371
76000.000000,0.00000000011243628251
76100.000000,0.00000000016379786416
76200.000000,0.00000000008882583558
76300.000000,-0.00000000002079758588
76400.000000,-0.00000000046419490474
76500.000000,0.00000000021589396937
76600.000000,0.00000000016001244774
76700.000000,0.00000000016919443624
76800.000000,-0.00000000016448353790
76900.000000,-0.00000000016527756941
77000.000000,0.00000000002997335713
77100.000000,-0.00000000021331292288
77200.000000,-0.00000000029270097457
77300.000000,-0.00000000015903101058
77400.000000,-0.00000000008333778112
77500.000000,-0.00000000001425881635
77600.000000,0.00000000006958611465
77700.000000,0.00000000052656456972
77800.000000,0.00000000032275870865
77900.000000,0.00000000054433879626
78000.000000,0.00000000079911988138
78100.000000,0.00000000065469940580
78200.000000,0.00000000054191229282
78300.000000,0.00000000083412210472
78400.000000,0.00000000073801231792
78500.000000,0.00000000105574837761
78600.000000,0.00000000108943787325
78700.000000,0.00000000117368070818
78800.000000,0.00000000082515150268
78900.000000,0.00000000078887207877
79000.000000,0.00000000065190430831
79100.000000,0.00000000080901774169
79200.000000,0.00000000079365669592
79300.000000,0.00000000075126660448
79400.000000,0.00000000047979931139
79500.000000,0.00000000054249582604
79600.000000,0.00000000035122926789
79700.000000,0.00000000016022472238
79800.000000,0.00000000015417356281
79900.000000,0.00000000012100898061
80000.000000,-0.00000000017570922495
80100.000000,-0.00000000032176750153
80200.000000,-0.00000000017770496186
80300.000000,-0.00000000047750603471
80400.000000,-0.00000000036322589381
80500.000000,-0.00000000019479351465
80600.000000,-0.00000000009370371146
80700.000000,-0.00000000006119282858
80800.000000,0.00000000030694824460
80900.000000,0.00000000038896441623
81000.000000,0.00000000073538330980
81100.000000,0.00000000068948402543
81200.000000,0.00000000060139893066
81300.000000,0.00000000053867577066
81400.000000,0.00000000062827876235
81500.000000,0.00000000059933924490
81600.000000,0.00000000045537884574
81700.000000,0.00000000019345680613
81800.000000,0.00000000014629364387
81900.000000,0.00000000005567546424
82000.000000,-0.00000000004292122213
82100.000000,0.00000000014942092008
82200.000000,0.00000000004411226939
82300.000000,-0.00000000016332979413
82400.000000,0.00000000007116796041
82500.000000,-0.00000000001143529715
82600.000000,-0.00000000012941914207
82700.000000,-0.00000000036662228808
82800.000000,-0.00000000056864113418
82900.000000,-0.00000000048544723796
83000.000000,-0.00000000050581316913
83100.000000,-0.00000000125345245294
83200.000000,-0.00000000118826992690
83300.000000,-0.00000000099971053658
83400.000000,-0.00000000153165746752
83500.000000,-0.00000000147345868839
83600.000000,-0.00000000073807626677
83700.000000,-0.00000000057259885722
83800.000000,-0.00000000102840314042
83900.000000,-0.00000000048780801620
84000.000000,-0.00000000105186881427
84100.000000,-0.00000000115749898555
84200.000000,-0.00000000117102061381
84300.000000,-0.00000000081919981909
84400.000000,-0.00000000027763835675
84500.000000,-0.00000000017688872589
84600.000000,-0.00000000077876727289
84700.000000,-0.00000000081606366109
84800.000000,-0.00000000011023004731
84900.000000,-0.00000000046905945794
85000.000000,-0.00000000033712410641
85100.000000,0.00000000008814726726
85200.000000,-0.00000000047419668192
85300.000000,0.00000000024118396169
85400.000000,0.00000000058050453333
85500.000000,-0.00000000008578293631
85600.000000,0.00000000002638689267
85700.000000,0.00000000002089528550
85800.000000,0.00000000056699533957
85900.000000,-0.00000000027913138467
86000.000000,-0.00000000000221067609
86100.000000,0.00000000000402966549
86200.000000,0.00000000039321879086
86300.000000,0.00000000041864200995
86400.000000,0.00000000039806558050
86500.000000,0.00000000101128794228
86600.000000,0.00000000086511775521
86700.000000,0.00000000057065019377
86800.000000,0.00000000075463457705
86900.000000,0.00000000077321171688
87000.000000,0.00000000033756109019
87100.000000,-0.00000000003924149894
87200.000000,0.00000000011256862109
87300.000000,0.00000000042166181657
87400.000000,0.00000000018373569333
87500.000000,-0.00000000046875570092
87600.000000,-0.00000000039286174314
87700.000000,-0.00000000031240965370
87800.000000,-0.00000000041795900074
87900.000000,-0.00000000048357584603
88000.000000,-0.00000000016571011230
88100.000000,-0.00000000035753888739
88200.000000,-0.00000000011500134178
88300.000000,0.00000000017745893643
88400.000000,0.00000000019844303978
88500.000000,-0.00000000031572522374
88600.000000,0.00000000003341593668
88700.000000,-0.00000000016350210075
88800.000000,-0.00000000022217072626
88900.000000,0.00000000004608580184
89000.000000,-0.00000000049538861902
89100.000000,0.00000000014837286955
89200.000000,0.00000000066350924754
89300.000000,0.00000000034684877193
89400.000000,0.00000000092275609376
89500.000000,0.00000000091124974233
89600.000000,0.00000000144207490393
89700.000000,0.00000000117273923905
89800.000000,0.00000000130569688395
89900.000000,0.00000000145200917956
90000.000000,0.00000000188099402720
90100.000000,0.00000000217780993239
90200.000000,0.00000000247329801084
90300.000000,0.00000000243227482599
90400.000000,0.00000000254180676507
90500.000000,0.00000000249257681162
90600.000000,0.00000000250585774353
90700.000000,0.00000000234033326052
90800.000000,0.00000000233634800395
90900.000000,0.00000000179162640279
91000.000000,0.00000000131894939415
91100.000000,0.00000000116497744784
91200.000000,0.00000000151716506025
91300.000000,0.00000000207954720111
91400.000000,0.00000000261909605115
91500.000000,0.00000000249627962745
91600.000000,0.00000000258923726904
91700.000000,0.00000000279965473027
91800.000000,0.00000000301003044711
91900.000000,0.00000000348338957679
92000.000000,0.00000000415437195755
92100.000000,0.00000000422849577575
92200.000000,0.00000000481213824344
92300.000000,0.00000000471304861804
92400.000000,0.00000000436658353919
92500.000000,0.00000000420030143999
92600.000000,0.00000000431180247062
92700.000000,0.00000000460434268490
92800.000000,0.00000000521206011683
92900.000000,0.00000000504663777434
93000.000000,0.00000000488550444544
93100.000000,0.00000000544680656134
93200.000000,0.00000000545640244098
93300.000000,0.00000000572587399716
93400.000000,0.00000000602622129975
93500.000000,0.00000000579975178994
93600.000000,0.00000000558283730356
93700.000000,0.00000000542639799761
93800.000000,0.00000000473081485097
93900.000000,0.00000000415596446146
94000.000000,0.00000000405585343088
94100.000000,0.00000000377307340926
94200.000000,0.00000000413828971091
94300.000000,0.00000000403450073350
94400.000000,0.00000000382654974374
94500.000000,0.00000000395703381173
94600.000000,0.00000000361649021841
94700.000000,0.00000000412426270913
94800.000000,0.00000000368028274522
94900.000000,0.00000000388879417557
95000.000000,0.00000000383456644215
95100.000000,0.00000000452588277966
95200.000000,0.00000000436217817423
95300.000000,0.00000000452814852281
95400.000000,0.00000000449818049475
95500.000000,0.00000000375577435818
95600.000000,0.00000000330045324404
95700.000000,0.00000000355023210830
95800.000000,0.00000000363700891626
95900.000000,0.00000000343371553413
96000.000000,0.00000000335849037469
96100.000000,0.00000000351417828170
96200.000000,0.00000000296925684040
96300.000000,0.00000000343809158920
96400.000000,0.00000000363922580959
96500.000000,0.00000000349382300868
96600.000000,0.00000000292306090444
96700.000000,0.00000000276670508725
96800.000000,0.00000000274418265889
96900.000000,0.00000000280346768022
97000.000000,0.00000000302972669175
97100.000000,0.00000000322678062048
97200.000000,0.00000000244149411799
97300.000000,0.00000000236153763211
97400.000000,0.00000000225102070317
97500.000000,0.00000000193632221368
97600.000000,0.00000000139567024604
97700.000000,0.00000000189621740532
97800.000000,0.00000000189787918714
97900.000000,0.00000000281871592733
98000.000000,0.00000000259802579450
98100.000000,0.00000000245913600594
98200.000000,0.00000000244993003662
98300.000000,0.00000000251120191308
98400.000000,0.00000000239636843702
98500.000000,0.00000000286990786691
98600.000000,0.00000000292268698132
98700.000000,0.00000000274549982748
98800.000000,0.00000000284113177429
98900.000000,0.00000000262935717643
99000.000000,0.00000000275160161323
99100.000000,0.00000000291035373579
99200.000000,0.00000000312090087107
99300.000000,0.00000000338982086845
99400.000000,0.00000000332403704562
99500.000000,0.00000000294488966546
99600.000000,0.00000000310277403770
99700.000000,0.00000000304452463240
99800.000000,0.00000000359775498282
99900.000000,0.00000000345214967723
100000.000000,0.00000000387464638152
100000.007692,0.00
