Tempo Decorrido,E[N]
100.000000,8.61
200.000000,10.53
300.000000,10.07
400.000000,10.76
500.000000,9.48
600.000000,9.58
700.000000,9.13
800.000000,8.66
900.000000,8.30
1000.000000,8.06
1100.000000,7.83
1200.000000,8.32
1300.000000,9.10
1400.000000,10.43
1500.000000,10.37
1600.000000,10.93
1700.000000,11.51
1800.000000,11.04
1900.000000,10.76
2000.000000,10.52
2100.000000,10.25
2200.000000,10.03
2300.000000,9.97
2400.000000,9.93
2500.000000,9.70
2600.000000,9.47
2700.000000,9.67
2800.000000,9.83
2900.000000,9.79
3000.000000,9.90
3100.000000,9.78
3200.000000,9.62
3300.000000,9.44
3400.000000,9.48
3500.000000,9.34
3600.000000,9.40
3700.000000,9.27
3800.000000,9.41
3900.000000,9.95
4000.000000,9.93
4100.000000,9.85
4200.000000,9.80
4300.000000,9.84
4400.000000,9.70
4500.000000,9.61
4600.000000,9.61
4700.000000,9.62
4800.000000,9.57
4900.000000,9.56
5000.000000,9.51
5100.000000,9.60
5200.000000,9.55
5300.000000,9.70
5400.000000,9.62
5500.000000,9.53
5600.000000,9.42
5700.000000,9.30
5800.000000,9.45
5900.000000,9.35
6000.000000,9.29
6100.000000,9.30
6200.000000,9.21
6300.000000,9.14
6400.000000,9.11
6500.000000,9.03
6600.000000,9.00
6700.000000,9.14
6800.000000,9.13
6900.000000,9.35
7000.000000,9.45
7100.000000,9.48
7200.000000,9.41
7300.000000,9.39
7400.000000,9.39
7500.000000,9.33
7600.000000,9.29
7700.000000,9.31
7800.000000,9.26
7900.000000,9.22
8000.000000,9.16
8100.000000,9.37
8200.000000,9.40
8300.000000,9.36
8400.000000,9.33
8500.000000,9.26
8600.000000,9.24
8700.000000,9.17
8800.000000,9.15
8900.000000,9.10
9000.000000,9.06
9100.000000,9.04
9200.000000,9.04
9300.000000,9.11
9400.000000,9.07
9500.000000,9.04
9600.000000,9.04
9700.000000,9.04
9800.000000,9.01
9900.000000,9.00
10000.000000,9.04
10100.000000,9.02
10200.000000,9.03
10300.000000,9.00
10400.000000,8.94
10500.000000,8.98
10600.000000,8.97
10700.000000,8.95
10800.000000,8.91
10900.000000,9.20
11000.000000,9.25
11100.000000,9.27
11200.000000,9.32
11300.000000,9.29
11400.000000,9.29
11500.000000,9.28
11600.000000,9.27
11700.000000,9.25
11800.000000,9.21
11900.000000,9.22
12000.000000,9.18
12100.000000,9.19
12200.000000,9.22
12300.000000,9.20
12400.000000,9.17
12500.000000,9.14
12600.000000,9.14
12700.000000,9.11
12800.000000,9.08
12900.000000,9.05
13000.000000,9.02
13100.000000,9.00
13200.000000,9.01
13300.000000,8.98
13400.000000,8.97
13500.000000,8.95
13600.000000,8.92
13700.000000,9.02
13800.000000,8.98
13900.000000,8.94
14000.000000,8.95
14100.000000,8.93
14200.000000,8.90
14300.000000,8.92
14400.000000,8.91
14500.000000,8.96
14600.000000,8.94
14700.000000,8.93
14800.000000,8.90
14900.000000,8.90
15000.000000,8.91
15100.000000,8.89
15200.000000,8.87
15300.000000,8.84
15400.000000,8.83
15500.000000,8.82
15600.000000,8.90
15700.000000,9.01
15800.000000,8.98
15900.000000,8.95
16000.000000,8.97
16100.000000,9.01
16200.000000,8.98
16300.000000,8.95
16400.000000,8.96
16500.000000,8.99
16600.000000,8.97
16700.000000,8.95
16800.000000,8.93
16900.000000,8.91
17000.000000,8.92
17100.000000,8.90
17200.000000,8.87
17300.000000,8.88
17400.000000,8.89
17500.000000,8.88
17600.000000,8.85
17700.000000,8.82
17800.000000,8.80
17900.000000,8.77
18000.000000,8.74
18100.000000,8.72
18200.000000,8.69
18300.000000,8.68
18400.000000,8.68
18500.000000,8.71
18600.000000,8.70
18700.000000,8.76
18800.000000,8.74
18900.000000,8.71
19000.000000,8.69
19100.000000,8.67
19200.000000,8.65
19300.000000,8.62
19400.000000,8.61
19500.000000,8.61
19600.000000,8.59
19700.000000,8.59
19800.000000,8.59
19900.000000,8.58
20000.000000,8.58
20100.000000,8.56
20200.000000,8.54
20300.000000,8.59
20400.000000,8.58
20500.000000,8.61
20600.000000,8.61
20700.000000,8.61
20800.000000,8.61
20900.000000,8.62
21000.000000,8.60
21100.000000,8.58
21200.000000,8.71
21300.000000,8.70
21400.000000,8.69
21500.000000,8.68
21600.000000,8.69
21700.000000,8.70
21800.000000,8.69
21900.000000,8.68
22000.000000,8.67
22100.000000,8.64
22200.000000,8.65
22300.000000,8.63
22400.000000,8.62
22500.000000,8.59
22600.000000,8.57
22700.000000,8.55
22800.000000,8.55
22900.000000,8.59
23000.000000,8.59
23100.000000,8.57
23200.000000,8.57
23300.000000,8.61
23400.000000,8.60
23500.000000,8.59
23600.000000,8.57
23700.000000,8.57
23800.000000,8.59
23900.000000,8.58
24000.000000,8.59
24100.000000,8.72
24200.000000,8.75
24300.000000,8.74
24400.000000,8.71
24500.000000,8.71
24600.000000,8.75
24700.000000,8.77
24800.000000,8.75
24900.000000,8.74
25000.000000,8.76
25100.000000,8.75
25200.000000,8.73
25300.000000,8.71
25400.000000,8.70
25500.000000,8.72
25600.000000,8.71
25700.000000,8.69
25800.000000,8.70
25900.000000,8.71
26000.000000,8.71
26100.000000,8.69
26200.000000,8.70
26300.000000,8.68
26400.000000,8.68
26500.000000,8.67
26600.000000,8.65
26700.000000,8.65
26800.000000,8.65
26900.000000,8.66
27000.000000,8.73
27100.000000,8.71
27200.000000,8.69
27300.000000,8.70
27400.000000,8.70
27500.000000,8.69
27600.000000,8.68
27700.000000,8.68
27800.000000,8.67
27900.000000,8.66
28000.000000,8.65
28100.000000,8.63
28200.000000,8.62
28300.000000,8.60
28400.000000,8.60
28500.000000,8.61
28600.000000,8.64
28700.000000,8.63
28800.000000,8.62
28900.000000,8.60
29000.000000,8.59
29100.000000,8.57
29200.000000,8.58
29300.000000,8.59
29400.000000,8.57
29500.000000,8.59
29600.000000,8.57
29700.000000,8.62
29800.000000,8.60
29900.000000,8.60
30000.000000,8.59
30100.000000,8.60
30200.000000,8.60
30300.000000,8.65
30400.000000,8.71
30500.000000,8.71
30600.000000,8.76
30700.000000,8.77
30800.000000,8.77
30900.000000,8.78
31000.000000,8.76
31100.000000,8.77
31200.000000,8.76
31300.000000,8.76
31400.000000,8.75
31500.000000,8.75
31600.000000,8.74
31700.000000,8.74
31800.000000,8.73
31900.000000,8.72
32000.000000,8.75
32100.000000,8.74
32200.000000,8.73
32300.000000,8.73
32400.000000,8.74
32500.000000,8.73
32600.000000,8.76
32700.000000,8.75
32800.000000,8.74
32900.000000,8.72
33000.000000,8.81
33100.000000,8.90
33200.000000,8.91
33300.000000,8.90
33400.000000,8.90
33500.000000,8.88
33600.000000,8.89
33700.000000,8.89
33800.000000,8.89
33900.000000,8.91
34000.000000,8.91
34100.000000,8.94
34200.000000,8.92
34300.000000,8.91
34400.000000,8.90
34500.000000,8.90
34600.000000,8.91
34700.000000,8.90
34800.000000,8.91
34900.000000,8.91
35000.000000,8.96
35100.000000,8.97
35200.000000,8.99
35300.000000,8.98
35400.000000,8.97
35500.000000,8.99
35600.000000,8.98
35700.000000,8.96
35800.000000,8.95
35900.000000,8.95
36000.000000,8.95
36100.000000,8.95
36200.000000,8.93
36300.000000,8.93
36400.000000,8.92
36500.000000,8.91
36600.000000,8.90
36700.000000,8.89
36800.000000,8.88
36900.000000,8.89
37000.000000,8.88
37100.000000,8.89
37200.000000,8.88
37300.000000,8.89
37400.000000,8.89
37500.000000,8.88
37600.000000,8.87
37700.000000,8.86
37800.000000,8.84
37900.000000,8.86
38000.000000,8.87
38100.000000,8.87
38200.000000,8.88
38300.000000,8.88
38400.000000,8.89
38500.000000,8.91
38600.000000,8.93
38700.000000,8.94
38800.000000,8.94
38900.000000,8.95
39000.000000,8.94
39100.000000,8.94
39200.000000,8.93
39300.000000,8.93
39400.000000,8.92
39500.000000,8.92
39600.000000,8.92
39700.000000,8.90
39800.000000,8.89
39900.000000,8.88
40000.000000,8.87
40100.000000,8.88
40200.000000,8.87
40300.000000,8.86
40400.000000,8.86
40500.000000,8.85
40600.000000,8.84
40700.000000,8.84
40800.000000,8.83
40900.000000,8.83
41000.000000,8.83
41100.000000,8.82
41200.000000,8.80
41300.000000,8.80
41400.000000,8.79
41500.000000,8.79
41600.000000,8.78
41700.000000,8.79
41800.000000,8.80
41900.000000,8.80
42000.000000,8.80
42100.000000,8.81
42200.000000,8.80
42300.000000,8.79
42400.000000,8.79
42500.000000,8.78
42600.000000,8.77
42700.000000,8.77
42800.000000,8.77
42900.000000,8.79
43000.000000,8.78
43100.000000,8.80
43200.000000,8.80
43300.000000,8.81
43400.000000,8.81
43500.000000,8.80
43600.000000,8.79
43700.000000,8.79
43800.000000,8.81
43900.000000,8.80
44000.000000,8.81
44100.000000,8.83
44200.000000,8.83
44300.000000,8.82
44400.000000,8.81
44500.000000,8.80
44600.000000,8.80
44700.000000,8.80
44800.000000,8.80
44900.000000,8.80
45000.000000,8.80
45100.000000,8.80
45200.000000,8.80
45300.000000,8.79
45400.000000,8.79
45500.000000,8.78
45600.000000,8.78
45700.000000,8.78
45800.000000,8.78
45900.000000,8.80
46000.000000,8.80
46100.000000,8.89
46200.000000,8.91
46300.000000,8.93
46400.000000,8.92
46500.000000,8.92
46600.000000,8.93
46700.000000,8.94
46800.000000,8.93
46900.000000,8.94
47000.000000,8.95
47100.000000,8.99
47200.000000,8.98
47300.000000,9.05
47400.000000,9.04
47500.000000,9.06
47600.000000,9.08
47700.000000,9.07
47800.000000,9.07
47900.000000,9.05
48000.000000,9.04
48100.000000,9.03
48200.000000,9.02
48300.000000,9.02
48400.000000,9.01
48500.000000,9.01
48600.000000,8.99
48700.000000,8.99
48800.000000,8.99
48900.000000,8.98
49000.000000,8.97
49100.000000,8.96
49200.000000,8.96
49300.000000,8.95
49400.000000,8.97
49500.000000,8.98
49600.000000,8.96
49700.000000,8.96
49800.000000,8.96
49900.000000,8.95
50000.000000,8.94
50100.000000,8.94
50200.000000,8.95
50300.000000,8.95
50400.000000,8.94
50500.000000,8.94
50600.000000,8.97
50700.000000,8.98
50800.000000,8.98
50900.000000,8.99
51000.000000,8.99
51100.000000,8.99
51200.000000,8.99
51300.000000,8.99
51400.000000,8.98
51500.000000,8.98
51600.000000,8.97
51700.000000,8.96
51800.000000,8.96
51900.000000,8.99
52000.000000,9.00
52100.000000,9.01
52200.000000,9.00
52300.000000,8.99
52400.000000,8.99
52500.000000,9.04
52600.000000,9.04
52700.000000,9.05
52800.000000,9.05
52900.000000,9.03
53000.000000,9.04
53100.000000,9.03
53200.000000,9.02
53300.000000,9.01
53400.000000,9.00
53500.000000,9.00
53600.000000,9.00
53700.000000,8.99
53800.000000,8.99
53900.000000,9.00
54000.000000,8.99
54100.000000,8.98
54200.000000,8.98
54300.000000,8.97
54400.000000,8.98
54500.000000,8.98
54600.000000,8.97
54700.000000,8.97
54800.000000,8.97
54900.000000,8.97
55000.000000,8.96
55100.000000,8.96
55200.000000,8.95
55300.000000,8.94
55400.000000,8.96
55500.000000,8.95
55600.000000,8.94
55700.000000,8.94
55800.000000,8.93
55900.000000,8.93
56000.000000,8.92
56100.000000,8.91
56200.000000,8.90
56300.000000,8.89
56400.000000,8.89
56500.000000,8.89
56600.000000,8.88
56700.000000,8.87
56800.000000,8.86
56900.000000,8.86
57000.000000,8.86
57100.000000,8.86
57200.000000,8.86
57300.000000,8.85
57400.000000,8.85
57500.000000,8.84
57600.000000,8.83
57700.000000,8.83
57800.000000,8.83
57900.000000,8.83
58000.000000,8.83
58100.000000,8.82
58200.000000,8.81
58300.000000,8.81
58400.000000,8.80
58500.000000,8.79
58600.000000,8.79
58700.000000,8.79
58800.000000,8.80
58900.000000,8.79
59000.000000,8.78
59100.000000,8.78
59200.000000,8.77
59300.000000,8.77
59400.000000,8.78
59500.000000,8.78
59600.000000,8.78
59700.000000,8.78
59800.000000,8.80
59900.000000,8.80
60000.000000,8.79
60100.000000,8.79
60200.000000,8.79
60300.000000,8.78
60400.000000,8.78
60500.000000,8.78
60600.000000,8.77
60700.000000,8.77
60800.000000,8.78
60900.000000,8.77
61000.000000,8.77
61100.000000,8.77
61200.000000,8.76
61300.000000,8.77
61400.000000,8.77
61500.000000,8.77
61600.000000,8.77
61700.000000,8.77
61800.000000,8.77
61900.000000,8.77
62000.000000,8.77
62100.000000,8.76
62200.000000,8.77
62300.000000,8.76
62400.000000,8.76
62500.000000,8.76
62600.000000,8.76
62700.000000,8.77
62800.000000,8.76
62900.000000,8.76
63000.000000,8.76
63100.000000,8.76
63200.000000,8.75
63300.000000,8.75
63400.000000,8.75
63500.000000,8.74
63600.000000,8.74
63700.000000,8.75
63800.000000,8.74
63900.000000,8.75
64000.000000,8.75
64100.000000,8.75
64200.000000,8.77
64300.000000,8.77
64400.000000,8.76
64500.000000,8.75
64600.000000,8.75
64700.000000,8.75
64800.000000,8.80
64900.000000,8.80
65000.000000,8.80
65100.000000,8.79
65200.000000,8.79
65300.000000,8.78
65400.000000,8.78
65500.000000,8.80
65600.000000,8.80
65700.000000,8.80
65800.000000,8.81
65900.000000,8.82
66000.000000,8.82
66100.000000,8.82
66200.000000,8.82
66300.000000,8.82
66400.000000,8.82
66500.000000,8.82
66600.000000,8.82
66700.000000,8.82
66800.000000,8.82
66900.000000,8.82
67000.000000,8.82
67100.000000,8.83
67200.000000,8.87
67300.000000,8.87
67400.000000,8.87
67500.000000,8.87
67600.000000,8.86
67700.000000,8.85
67800.000000,8.85
67900.000000,8.85
68000.000000,8.84
68100.000000,8.84
68200.000000,8.85
68300.000000,8.87
68400.000000,8.88
68500.000000,8.88
68600.000000,8.88
68700.000000,8.87
68800.000000,8.88
68900.000000,8.88
69000.000000,8.88
69100.000000,8.87
69200.000000,8.87
69300.000000,8.87
69400.000000,8.87
69500.000000,8.87
69600.000000,8.87
69700.000000,8.87
69800.000000,8.87
69900.000000,8.89
70000.000000,8.90
70100.000000,8.89
70200.000000,8.89
70300.000000,8.90
70400.000000,8.90
70500.000000,8.89
70600.000000,8.90
70700.000000,8.91
70800.000000,8.92
70900.000000,8.92
71000.000000,8.92
71100.000000,8.91
71200.000000,8.91
71300.000000,8.90
71400.000000,8.90
71500.000000,8.90
71600.000000,8.90
71700.000000,8.92
71800.000000,8.92
71900.000000,8.92
72000.000000,8.93
72100.000000,8.94
72200.000000,8.94
72300.000000,8.94
72400.000000,8.95
72500.000000,8.95
72600.000000,8.94
72700.000000,8.95
72800.000000,8.95
72900.000000,8.94
73000.000000,8.93
73100.000000,8.94
73200.000000,8.93
73300.000000,8.92
73400.000000,8.92
73500.000000,8.94
73600.000000,8.94
73700.000000,8.94
73800.000000,8.94
73900.000000,8.94
74000.000000,8.96
74100.000000,8.96
74200.000000,8.97
74300.000000,8.97
74400.000000,8.97
74500.000000,8.97
74600.000000,8.96
74700.000000,8.97
74800.000000,8.96
74900.000000,8.96
75000.000000,8.95
75100.000000,8.96
75200.000000,8.96
75300.000000,8.95
75400.000000,8.95
75500.000000,8.95
75600.000000,8.95
75700.000000,8.95
75800.000000,8.94
75900.000000,8.94
76000.000000,8.94
76100.000000,8.93
76200.000000,8.93
76300.000000,8.93
76400.000000,8.93
76500.000000,8.92
76600.000000,8.92
76700.000000,8.92
76800.000000,8.91
76900.000000,8.91
77000.000000,8.91
77100.000000,8.91
77200.000000,8.91
77300.000000,8.90
77400.000000,8.90
77500.000000,8.90
77600.000000,8.89
77700.000000,8.89
77800.000000,8.88
77900.000000,8.89
78000.000000,8.88
78100.000000,8.88
78200.000000,8.87
78300.000000,8.87
78400.000000,8.87
78500.000000,8.87
78600.000000,8.87
78700.000000,8.87
78800.000000,8.87
78900.000000,8.87
79000.000000,8.87
79100.000000,8.87
79200.000000,8.87
79300.000000,8.88
79400.000000,8.88
79500.000000,8.89
79600.000000,8.89
79700.000000,8.89
79800.000000,8.89
79900.000000,8.90
80000.000000,8.90
80100.000000,8.90
80200.000000,8.91
80300.000000,8.92
80400.000000,8.91
80500.000000,8.91
80600.000000,8.91
80700.000000,8.90
80800.000000,8.90
80900.000000,8.90
81000.000000,8.90
81100.000000,8.90
81200.000000,8.90
81300.000000,8.90
81400.000000,8.90
81500.000000,8.91
81600.000000,8.91
81700.000000,8.90
81800.000000,8.90
81900.000000,8.90
82000.000000,8.90
82100.000000,8.90
82200.000000,8.90
82300.000000,8.89
82400.000000,8.89
82500.000000,8.88
82600.000000,8.88
82700.000000,8.88
82800.000000,8.88
82900.000000,8.87
83000.000000,8.87
83100.000000,8.86
83200.000000,8.86
83300.000000,8.86
83400.000000,8.85
83500.000000,8.85
83600.000000,8.85
83700.000000,8.85
83800.000000,8.85
83900.000000,8.84
84000.000000,8.84
84100.000000,8.84
84200.000000,8.84
84300.000000,8.83
84400.000000,8.84
84500.000000,8.84
84600.000000,8.84
84700.000000,8.84
84800.000000,8.84
84900.000000,8.84
85000.000000,8.84
85100.000000,8.83
85200.000000,8.83
85300.000000,8.83
85400.000000,8.83
85500.000000,8.84
85600.000000,8.83
85700.000000,8.83
85800.000000,8.83
85900.000000,8.83
86000.000000,8.82
86100.000000,8.83
86200.000000,8.83
86300.000000,8.82
86400.000000,8.82
86500.000000,8.81
86600.000000,8.82
86700.000000,8.81
86800.000000,8.81
86900.000000,8.81
87000.000000,8.82
87100.000000,8.82
87200.000000,8.82
87300.000000,8.82
87400.000000,8.82
87500.000000,8.82
87600.000000,8.82
87700.000000,8.81
87800.000000,8.81
87900.000000,8.80
88000.000000,8.80
88100.000000,8.80
88200.000000,8.80
88300.000000,8.81
88400.000000,8.82
88500.000000,8.82
88600.000000,8.81
88700.000000,8.81
88800.000000,8.81
88900.000000,8.84
89000.000000,8.88
89100.000000,8.87
89200.000000,8.88
89300.000000,8.89
89400.000000,8.88
89500.000000,8.88
89600.000000,8.88
89700.000000,8.88
89800.000000,8.87
89900.000000,8.87
90000.000000,8.86
90100.000000,8.86
90200.000000,8.86
90300.000000,8.86
90400.000000,8.86
90500.000000,8.85
90600.000000,8.85
90700.000000,8.85
90800.000000,8.85
90900.000000,8.85
91000.000000,8.85
91100.000000,8.85
91200.000000,8.84
91300.000000,8.84
91400.000000,8.84
91500.000000,8.84
91600.000000,8.84
91700.000000,8.85
91800.000000,8.85
91900.000000,8.85
92000.000000,8.84
92100.000000,8.84
92200.000000,8.83
92300.000000,8.83
92400.000000,8.83
92500.000000,8.83
92600.000000,8.84
92700.000000,8.84
92800.000000,8.83
92900.000000,8.84
93000.000000,8.84
93100.000000,8.84
93200.000000,8.83
93300.000000,8.83
93400.000000,8.83
93500.000000,8.83
93600.000000,8.82
93700.000000,8.82
93800.000000,8.83
93900.000000,8.83
94000.000000,8.83
94100.000000,8.83
94200.000000,8.82
94300.000000,8.82
94400.000000,8.81
94500.000000,8.83
94600.000000,8.83
94700.000000,8.83
94800.000000,8.83
94900.000000,8.83
95000.000000,8.83
95100.000000,8.83
95200.000000,8.82
95300.000000,8.84
95400.000000,8.87
95500.000000,8.88
95600.000000,8.88
95700.000000,8.88
95800.000000,8.87
95900.000000,8.87
96000.000000,8.87
96100.000000,8.86
96200.000000,8.86
96300.000000,8.86
96400.000000,8.87
96500.000000,8.87
96600.000000,8.90
96700.000000,8.90
96800.000000,8.90
96900.000000,8.90
97000.000000,8.90
97100.000000,8.90
97200.000000,8.90
97300.000000,8.92
97400.000000,8.92
97500.000000,8.92
97600.000000,8.92
97700.000000,8.93
97800.000000,8.93
97900.000000,8.92
98000.000000,8.92
98100.000000,8.92
98200.000000,8.93
98300.000000,8.94
98400.000000,8.94
98500.000000,8.93
98600.000000,8.93
98700.000000,8.93
98800.000000,8.93
98900.000000,8.93
99000.000000,8.92
99100.000000,8.93
99200.000000,8.93
99300.000000,8.93
99400.000000,8.93
99500.000000,8.93
99600.000000,8.93
99700.000000,8.93
99800.000000,8.93
99900.000000,8.93
100000.000000,8.93
100000.778605,8.93
