Tempo Decorrido,E[W]
100.000000,2.65
200.000000,4.78
300.000000,6.23
400.000000,5.93
500.000000,5.31
600.000000,4.95
700.000000,5.47
800.000000,5.95
900.000000,7.02
1000.000000,7.59
1100.000000,7.84
1200.000000,7.41
1300.000000,7.03
1400.000000,6.68
1500.000000,6.62
1600.000000,6.55
1700.000000,6.41
1800.000000,6.17
1900.000000,6.26
2000.000000,6.07
2100.000000,5.91
2200.000000,5.82
2300.000000,5.65
2400.000000,5.47
2500.000000,5.35
2600.000000,5.28
2700.000000,5.35
2800.000000,5.25
2900.000000,5.13
3000.000000,5.04
3100.000000,4.93
3200.000000,4.84
3300.000000,4.76
3400.000000,4.79
3500.000000,4.85
3600.000000,5.06
3700.000000,5.10
3800.000000,5.24
3900.000000,5.41
4000.000000,5.48
4100.000000,5.44
4200.000000,5.51
4300.000000,5.44
4400.000000,5.43
4500.000000,5.45
4600.000000,5.42
4700.000000,5.45
4800.000000,5.60
4900.000000,5.65
5000.000000,5.76
5100.000000,5.70
5200.000000,5.66
5300.000000,5.70
5400.000000,5.82
5500.000000,5.94
5600.000000,5.93
5700.000000,5.85
5800.000000,5.84
5900.000000,5.82
6000.000000,6.04
6100.000000,6.38
6200.000000,6.82
6300.000000,7.31
6400.000000,7.85
6500.000000,8.36
6600.000000,8.77
6700.000000,9.15
6800.000000,9.46
6900.000000,9.67
7000.000000,9.92
7100.000000,10.15
7200.000000,10.29
7300.000000,10.43
7400.000000,10.46
7500.000000,10.49
7600.000000,10.60
7700.000000,10.70
7800.000000,10.80
7900.000000,10.79
8000.000000,10.68
8100.000000,10.56
8200.000000,10.47
8300.000000,10.40
8400.000000,10.37
8500.000000,10.35
8600.000000,10.32
8700.000000,10.23
8800.000000,10.21
8900.000000,10.23
9000.000000,10.24
9100.000000,10.22
9200.000000,10.22
9300.000000,10.19
9400.000000,10.22
9500.000000,10.28
9600.000000,10.33
9700.000000,10.42
9800.000000,10.40
9900.000000,10.35
10000.000000,10.35
10100.000000,10.33
10200.000000,10.27
10300.000000,10.22
10400.000000,10.15
10500.000000,10.13
10600.000000,10.14
10700.000000,10.14
10800.000000,10.13
10900.000000,10.11
11000.000000,10.05
11100.000000,10.08
11200.000000,10.11
11300.000000,10.18
11400.000000,10.27
11500.000000,10.35
11600.000000,10.45
11700.000000,10.49
11800.000000,10.43
11900.000000,10.38
12000.000000,10.35
12100.000000,10.33
12200.000000,10.40
12300.000000,10.49
12400.000000,10.61
12500.000000,10.66
12600.000000,10.61
12700.000000,10.55
12800.000000,10.48
12900.000000,10.46
13000.000000,10.48
13100.000000,10.53
13200.000000,10.59
13300.000000,10.64
13400.000000,10.69
13500.000000,10.71
13600.000000,10.69
13700.000000,10.67
13800.000000,10.62
13900.000000,10.58
14000.000000,10.61
14100.000000,10.68
14200.000000,10.75
14300.000000,10.84
14400.000000,10.90
14500.000000,10.98
14600.000000,11.03
14700.000000,11.10
14800.000000,11.14
14900.000000,11.12
15000.000000,11.08
15100.000000,11.02
15200.000000,10.95
15300.000000,10.93
15400.000000,10.90
15500.000000,10.88
15600.000000,10.91
15700.000000,10.96
15800.000000,11.04
15900.000000,11.04
16000.000000,11.05
16100.000000,11.01
16200.000000,10.96
16300.000000,10.91
16400.000000,10.86
16500.000000,10.81
16600.000000,10.77
16700.000000,10.75
16800.000000,10.75
16900.000000,10.75
17000.000000,10.72
17100.000000,10.67
17200.000000,10.62
17300.000000,10.58
17400.000000,10.54
17500.000000,10.50
17600.000000,10.45
17700.000000,10.42
17800.000000,10.39
17900.000000,10.41
18000.000000,10.41
18100.000000,10.36
18200.000000,10.32
18300.000000,10.27
18400.000000,10.23
18500.000000,10.21
18600.000000,10.18
18700.000000,10.15
18800.000000,10.11
18900.000000,10.07
19000.000000,10.03
19100.000000,9.99
19200.000000,9.96
19300.000000,9.92
19400.000000,9.90
19500.000000,9.86
19600.000000,9.83
19700.000000,9.81
19800.000000,9.81
19900.000000,9.78
20000.000000,9.75
20100.000000,9.73
20200.000000,9.70
20300.000000,9.69
20400.000000,9.66
20500.000000,9.65
20600.000000,9.65
20700.000000,9.67
20800.000000,9.71
20900.000000,9.75
21000.000000,9.77
21100.000000,9.83
21200.000000,9.87
21300.000000,9.91
21400.000000,9.95
21500.000000,10.02
21600.000000,10.06
21700.000000,10.08
21800.000000,10.09
21900.000000,10.05
22000.000000,10.03
22100.000000,10.01
22200.000000,9.99
22300.000000,10.01
22400.000000,10.02
22500.000000,10.03
22600.000000,10.05
22700.000000,10.04
22800.000000,10.05
22900.000000,10.03
23000.000000,10.00
23100.000000,9.97
23200.000000,9.93
23300.000000,9.93
23400.000000,9.94
23500.000000,9.92
23600.000000,9.91
23700.000000,9.91
23800.000000,9.89
23900.000000,9.85
24000.000000,9.82
24100.000000,9.79
24200.000000,9.77
24300.000000,9.77
24400.000000,9.80
24500.000000,9.80
24600.000000,9.81
24700.000000,9.86
24800.000000,9.91
24900.000000,9.97
25000.000000,9.99
25100.000000,10.00
25200.000000,10.03
25300.000000,10.04
25400.000000,10.02
25500.000000,10.01
25600.000000,9.98
25700.000000,9.96
25800.000000,9.92
25900.000000,9.90
26000.000000,9.88
26100.000000,9.86
26200.000000,9.85
26300.000000,9.85
26400.000000,9.83
26500.000000,9.83
26600.000000,9.81
26700.000000,9.80
26800.000000,9.77
26900.000000,9.74
27000.000000,9.73
27100.000000,9.72
27200.000000,9.69
27300.000000,9.71
27400.000000,9.72
27500.000000,9.70
27600.000000,9.68
27700.000000,9.66
27800.000000,9.63
27900.000000,9.61
28000.000000,9.60
28100.000000,9.60
28200.000000,9.61
28300.000000,9.65
28400.000000,9.67
28500.000000,9.66
28600.000000,9.63
28700.000000,9.61
28800.000000,9.60
28900.000000,9.59
29000.000000,9.61
29100.000000,9.62
29200.000000,9.60
29300.000000,9.59
29400.000000,9.59
29500.000000,9.57
29600.000000,9.57
29700.000000,9.56
29800.000000,9.54
29900.000000,9.52
30000.000000,9.54
30100.000000,9.57
30200.000000,9.61
30300.000000,9.66
30400.000000,9.70
30500.000000,9.72
30600.000000,9.74
30700.000000,9.74
30800.000000,9.71
30900.000000,9.68
31000.000000,9.67
31100.000000,9.64
31200.000000,9.62
31300.000000,9.62
31400.000000,9.64
31500.000000,9.66
31600.000000,9.68
31700.000000,9.72
31800.000000,9.73
31900.000000,9.74
32000.000000,9.74
32100.000000,9.72
32200.000000,9.70
32300.000000,9.70
32400.000000,9.71
32500.000000,9.72
32600.000000,9.71
32700.000000,9.70
32800.000000,9.69
32900.000000,9.71
33000.000000,9.74
33100.000000,9.77
33200.000000,9.80
33300.000000,9.81
33400.000000,9.82
33500.000000,9.85
33600.000000,9.90
33700.000000,9.98
33800.000000,10.02
33900.000000,10.03
34000.000000,10.04
34100.000000,10.06
34200.000000,10.08
34300.000000,10.15
34400.000000,10.22
34500.000000,10.28
34600.000000,10.35
34700.000000,10.44
34800.000000,10.54
34900.000000,10.62
35000.000000,10.70
35100.000000,10.76
35200.000000,10.82
35300.000000,10.88
35400.000000,10.93
35500.000000,10.97
35600.000000,11.01
35700.000000,11.04
35800.000000,11.05
35900.000000,11.08
36000.000000,11.12
36100.000000,11.17
36200.000000,11.21
36300.000000,11.27
36400.000000,11.35
36500.000000,11.43
36600.000000,11.53
36700.000000,11.64
36800.000000,11.73
36900.000000,11.80
37000.000000,11.86
37100.000000,11.90
37200.000000,11.94
37300.000000,11.98
37400.000000,12.03
37500.000000,12.09
37600.000000,12.15
37700.000000,12.22
37800.000000,12.31
37900.000000,12.42
38000.000000,12.53
38100.000000,12.63
38200.000000,12.73
38300.000000,12.85
38400.000000,12.98
38500.000000,13.13
38600.000000,13.29
38700.000000,13.44
38800.000000,13.57
38900.000000,13.70
39000.000000,13.84
39100.000000,13.99
39200.000000,14.14
39300.000000,14.29
39400.000000,14.46
39500.000000,14.60
39600.000000,14.75
39700.000000,14.91
39800.000000,15.05
39900.000000,15.20
40000.000000,15.34
40100.000000,15.48
40200.000000,15.60
40300.000000,15.73
40400.000000,15.88
40500.000000,16.02
40600.000000,16.18
40700.000000,16.34
40800.000000,16.50
40900.000000,16.62
41000.000000,16.75
41100.000000,16.86
41200.000000,16.96
41300.000000,17.05
41400.000000,17.14
41500.000000,17.24
41600.000000,17.34
41700.000000,17.46
41800.000000,17.59
41900.000000,17.73
42000.000000,17.85
42100.000000,17.96
42200.000000,18.07
42300.000000,18.18
42400.000000,18.26
42500.000000,18.33
42600.000000,18.39
42700.000000,18.45
42800.000000,18.49
42900.000000,18.51
43000.000000,18.53
43100.000000,18.53
43200.000000,18.53
43300.000000,18.51
43400.000000,18.51
43500.000000,18.52
43600.000000,18.54
43700.000000,18.56
43800.000000,18.57
43900.000000,18.59
44000.000000,18.59
44100.000000,18.58
44200.000000,18.56
44300.000000,18.53
44400.000000,18.49
44500.000000,18.45
44600.000000,18.42
44700.000000,18.41
44800.000000,18.38
44900.000000,18.35
45000.000000,18.33
45100.000000,18.30
45200.000000,18.29
45300.000000,18.28
45400.000000,18.26
45500.000000,18.22
45600.000000,18.20
45700.000000,18.19
45800.000000,18.17
45900.000000,18.16
46000.000000,18.13
46100.000000,18.09
46200.000000,18.06
46300.000000,18.03
46400.000000,17.99
46500.000000,17.96
46600.000000,17.94
46700.000000,17.91
46800.000000,17.88
46900.000000,17.87
47000.000000,17.85
47100.000000,17.82
47200.000000,17.79
47300.000000,17.76
47400.000000,17.73
47500.000000,17.70
47600.000000,17.69
47700.000000,17.68
47800.000000,17.65
47900.000000,17.63
48000.000000,17.61
48100.000000,17.58
48200.000000,17.55
48300.000000,17.53
48400.000000,17.50
48500.000000,17.47
48600.000000,17.44
48700.000000,17.43
48800.000000,17.42
48900.000000,17.40
49000.000000,17.38
49100.000000,17.35
49200.000000,17.33
49300.000000,17.30
49400.000000,17.27
49500.000000,17.24
49600.000000,17.24
49700.000000,17.25
49800.000000,17.28
49900.000000,17.33
50000.000000,17.36
50100.000000,17.39
50200.000000,17.43
50300.000000,17.45
50400.000000,17.48
50500.000000,17.50
50600.000000,17.53
50700.000000,17.56
50800.000000,17.61
50900.000000,17.65
51000.000000,17.69
51100.000000,17.74
51200.000000,17.80
51300.000000,17.87
51400.000000,17.92
51500.000000,17.95
51600.000000,17.99
51700.000000,18.02
51800.000000,18.04
51900.000000,18.07
52000.000000,18.10
52100.000000,18.16
52200.000000,18.21
52300.000000,18.26
52400.000000,18.30
52500.000000,18.36
52600.000000,18.43
52700.000000,18.51
52800.000000,18.60
52900.000000,18.69
53000.000000,18.78
53100.000000,18.85
53200.000000,18.93
53300.000000,19.01
53400.000000,19.09
53500.000000,19.13
53600.000000,19.16
53700.000000,19.18
53800.000000,19.19
53900.000000,19.22
54000.000000,19.25
54100.000000,19.28
54200.000000,19.33
54300.000000,19.39
54400.000000,19.46
54500.000000,19.52
54600.000000,19.57
54700.000000,19.60
54800.000000,19.63
54900.000000,19.66
55000.000000,19.69
55100.000000,19.68
55200.000000,19.67
55300.000000,19.66
55400.000000,19.64
55500.000000,19.62
55600.000000,19.59
55700.000000,19.56
55800.000000,19.53
55900.000000,19.50
56000.000000,19.48
56100.000000,19.45
56200.000000,19.42
56300.000000,19.40
56400.000000,19.38
56500.000000,19.36
56600.000000,19.33
56700.000000,19.30
56800.000000,19.28
56900.000000,19.27
57000.000000,19.27
57100.000000,19.27
57200.000000,19.25
57300.000000,19.22
57400.000000,19.20
57500.000000,19.17
57600.000000,19.14
57700.000000,19.12
57800.000000,19.10
57900.000000,19.09
58000.000000,19.08
58100.000000,19.09
58200.000000,19.10
58300.000000,19.10
58400.000000,19.10
58500.000000,19.08
58600.000000,19.05
58700.000000,19.04
58800.000000,19.03
58900.000000,19.02
59000.000000,19.00
59100.000000,18.99
59200.000000,18.96
59300.000000,18.94
59400.000000,18.92
59500.000000,18.90
59600.000000,18.87
59700.000000,18.85
59800.000000,18.83
59900.000000,18.81
60000.000000,18.79
60100.000000,18.77
60200.000000,18.74
60300.000000,18.73
60400.000000,18.70
60500.000000,18.67
60600.000000,18.65
60700.000000,18.64
60800.000000,18.64
60900.000000,18.63
61000.000000,18.60
61100.000000,18.59
61200.000000,18.58
61300.000000,18.56
61400.000000,18.54
61500.000000,18.51
61600.000000,18.49
61700.000000,18.46
61800.000000,18.43
61900.000000,18.41
62000.000000,18.40
62100.000000,18.39
62200.000000,18.38
62300.000000,18.35
62400.000000,18.33
62500.000000,18.30
62600.000000,18.28
62700.000000,18.27
62800.000000,18.27
62900.000000,18.24
63000.000000,18.23
63100.000000,18.21
63200.000000,18.20
63300.000000,18.19
63400.000000,18.19
63500.000000,18.20
63600.000000,18.21
63700.000000,18.22
63800.000000,18.23
63900.000000,18.25
64000.000000,18.26
64100.000000,18.27
64200.000000,18.27
64300.000000,18.26
64400.000000,18.26
64500.000000,18.25
64600.000000,18.25
64700.000000,18.24
64800.000000,18.22
64900.000000,18.20
65000.000000,18.18
65100.000000,18.16
65200.000000,18.13
65300.000000,18.11
65400.000000,18.09
65500.000000,18.07
65600.000000,18.05
65700.000000,18.03
65800.000000,18.01
65900.000000,17.99
66000.000000,17.96
66100.000000,17.94
66200.000000,17.92
66300.000000,17.90
66400.000000,17.89
66500.000000,17.87
66600.000000,17.84
66700.000000,17.82
66800.000000,17.80
66900.000000,17.79
67000.000000,17.78
67100.000000,17.77
67200.000000,17.74
67300.000000,17.72
67400.000000,17.71
67500.000000,17.71
67600.000000,17.70
67700.000000,17.69
67800.000000,17.69
67900.000000,17.69
68000.000000,17.70
68100.000000,17.71
68200.000000,17.70
68300.000000,17.69
68400.000000,17.68
68500.000000,17.67
68600.000000,17.67
68700.000000,17.67
68800.000000,17.67
68900.000000,17.66
69000.000000,17.64
69100.000000,17.61
69200.000000,17.59
69300.000000,17.58
69400.000000,17.56
69500.000000,17.54
69600.000000,17.52
69700.000000,17.52
69800.000000,17.51
69900.000000,17.51
70000.000000,17.51
70100.000000,17.51
70200.000000,17.49
70300.000000,17.49
70400.000000,17.48
70500.000000,17.47
70600.000000,17.45
70700.000000,17.43
70800.000000,17.41
70900.000000,17.40
71000.000000,17.38
71100.000000,17.36
71200.000000,17.35
71300.000000,17.33
71400.000000,17.31
71500.000000,17.29
71600.000000,17.28
71700.000000,17.26
71800.000000,17.23
71900.000000,17.21
72000.000000,17.19
72100.000000,17.17
72200.000000,17.15
72300.000000,17.13
72400.000000,17.12
72500.000000,17.10
72600.000000,17.10
72700.000000,17.09
72800.000000,17.08
72900.000000,17.07
73000.000000,17.05
73100.000000,17.05
73200.000000,17.05
73300.000000,17.05
73400.000000,17.07
73500.000000,17.09
73600.000000,17.10
73700.000000,17.10
73800.000000,17.10
73900.000000,17.10
74000.000000,17.09
74100.000000,17.08
74200.000000,17.06
74300.000000,17.04
74400.000000,17.02
74500.000000,17.01
74600.000000,16.98
74700.000000,16.97
74800.000000,16.95
74900.000000,16.93
75000.000000,16.92
75100.000000,16.92
75200.000000,16.93
75300.000000,16.94
75400.000000,16.94
75500.000000,16.95
75600.000000,16.96
75700.000000,16.98
75800.000000,17.01
75900.000000,17.05
76000.000000,17.09
76100.000000,17.13
76200.000000,17.18
76300.000000,17.22
76400.000000,17.26
76500.000000,17.31
76600.000000,17.34
76700.000000,17.35
76800.000000,17.37
76900.000000,17.38
77000.000000,17.40
77100.000000,17.42
77200.000000,17.43
77300.000000,17.43
77400.000000,17.44
77500.000000,17.44
77600.000000,17.42
77700.000000,17.41
77800.000000,17.41
77900.000000,17.40
78000.000000,17.40
78100.000000,17.39
78200.000000,17.39
78300.000000,17.38
78400.000000,17.36
78500.000000,17.34
78600.000000,17.32
78700.000000,17.31
78800.000000,17.29
78900.000000,17.27
79000.000000,17.25
79100.000000,17.24
79200.000000,17.22
79300.000000,17.20
79400.000000,17.19
79500.000000,17.17
79600.000000,17.16
79700.000000,17.14
79800.000000,17.12
79900.000000,17.11
80000.000000,17.09
80100.000000,17.07
80200.000000,17.06
80300.000000,17.04
80400.000000,17.03
80500.000000,17.02
80600.000000,17.03
80700.000000,17.03
80800.000000,17.03
80900.000000,17.03
81000.000000,17.03
81100.000000,17.04
81200.000000,17.04
81300.000000,17.04
81400.000000,17.04
81500.000000,17.02
81600.000000,17.01
81700.000000,16.99
81800.000000,16.97
81900.000000,16.96
82000.000000,16.94
82100.000000,16.93
82200.000000,16.92
82300.000000,16.90
82400.000000,16.88
82500.000000,16.87
82600.000000,16.85
82700.000000,16.84
82800.000000,16.84
82900.000000,16.82
83000.000000,16.80
83100.000000,16.79
83200.000000,16.77
83300.000000,16.76
83400.000000,16.75
83500.000000,16.73
83600.000000,16.71
83700.000000,16.70
83800.000000,16.68
83900.000000,16.67
84000.000000,16.65
84100.000000,16.63
84200.000000,16.62
84300.000000,16.60
84400.000000,16.58
84500.000000,16.57
84600.000000,16.55
84700.000000,16.53
84800.000000,16.51
84900.000000,16.50
85000.000000,16.48
85100.000000,16.46
85200.000000,16.46
85300.000000,16.44
85400.000000,16.43
85500.000000,16.41
85600.000000,16.41
85700.000000,16.39
85800.000000,16.38
85900.000000,16.36
86000.000000,16.36
86100.000000,16.35
86200.000000,16.33
86300.000000,16.32
86400.000000,16.30
86500.000000,16.29
86600.000000,16.27
86700.000000,16.25
86800.000000,16.24
86900.000000,16.23
87000.000000,16.21
87100.000000,16.19
87200.000000,16.18
87300.000000,16.17
87400.000000,16.15
87500.000000,16.14
87600.000000,16.13
87700.000000,16.12
87800.000000,16.11
87900.000000,16.11
88000.000000,16.11
88100.000000,16.13
88200.000000,16.15
88300.000000,16.15
88400.000000,16.15
88500.000000,16.16
88600.000000,16.16
88700.000000,16.14
88800.000000,16.13
88900.000000,16.12
89000.000000,16.12
89100.000000,16.11
89200.000000,16.11
89300.000000,16.11
89400.000000,16.09
89500.000000,16.08
89600.000000,16.06
89700.000000,16.05
89800.000000,16.04
89900.000000,16.02
90000.000000,16.01
90100.000000,15.99
90200.000000,15.98
90300.000000,15.97
90400.000000,15.95
90500.000000,15.94
90600.000000,15.93
90700.000000,15.92
90800.000000,15.91
90900.000000,15.89
91000.000000,15.89
91100.000000,15.89
91200.000000,15.88
91300.000000,15.88
91400.000000,15.88
91500.000000,15.89
91600.000000,15.90
91700.000000,15.91
91800.000000,15.93
91900.000000,15.95
92000.000000,15.98
92100.000000,16.02
92200.000000,16.06
92300.000000,16.09
92400.000000,16.14
92500.000000,16.19
92600.000000,16.25
92700.000000,16.31
92800.000000,16.37
92900.000000,16.43
93000.000000,16.50
93100.000000,16.56
93200.000000,16.62
93300.000000,16.68
93400.000000,16.74
93500.000000,16.81
93600.000000,16.88
93700.000000,16.95
93800.000000,17.02
93900.000000,17.10
94000.000000,17.18
94100.000000,17.26
94200.000000,17.32
94300.000000,17.40
94400.000000,17.46
94500.000000,17.52
94600.000000,17.58
94700.000000,17.63
94800.000000,17.69
94900.000000,17.74
95000.000000,17.79
95100.000000,17.83
95200.000000,17.87
95300.000000,17.93
95400.000000,17.98
95500.000000,18.03
95600.000000,18.09
95700.000000,18.14
95800.000000,18.18
95900.000000,18.21
96000.000000,18.23
96100.000000,18.26
96200.000000,18.27
96300.000000,18.29
96400.000000,18.31
96500.000000,18.33
96600.000000,18.34
96700.000000,18.36
96800.000000,18.38
96900.000000,18.39
97000.000000,18.42
97100.000000,18.44
97200.000000,18.45
97300.000000,18.47
97400.000000,18.50
97500.000000,18.53
97600.000000,18.57
97700.000000,18.61
97800.000000,18.65
97900.000000,18.68
98000.000000,18.71
98100.000000,18.73
98200.000000,18.75
98300.000000,18.77
98400.000000,18.79
98500.000000,18.82
98600.000000,18.85
98700.000000,18.88
98800.000000,18.91
98900.000000,18.93
99000.000000,18.96
99100.000000,18.99
99200.000000,19.02
99300.000000,19.05
99400.000000,19.07
99500.000000,19.10
99600.000000,19.12
99700.000000,19.15
99800.000000,19.17
99900.000000,19.20
100000.000000,19.22
100000.000846,19.22
